0	0
1	75
2	2
3	3
4	4
5	5
6	6
7	9
8	8
9	9
10	10
11	11
12	12
13	13
14	14
15	15
16	16
17	17
18	18
19	19
20	20
21	21
22	22
23	23
24	24
25	25
26	26
27	27
28	66
29	28
30	29
31	30
32	31
33	32
34	33
35	1
36	34
37	35
38	75
39	36
40	37
41	38
42	39
43	40
44	75
45	41
46	42
47	43
48	44
49	45
50	46
51	7
52	47
53	48
54	49
55	50
56	51
57	52
58	53
59	54
60	55
61	56
62	57
63	58
64	59
65	60
66	61
67	62
68	63
69	64
70	65
71	66
72	67
73	68
74	69
75	70
76	71
77	72
78	1
79	73
80	74
81	75
82	75
83	76
84	77
85	78
86	79
87	80
88	81
89	82
90	83
91	84
92	85
93	86
94	87
95	88
96	89
97	90
98	91
99	92
