0	0
1	39
2	2
3	3
4	4
5	5
6	6
7	7
8	8
9	7
10	9
11	10
12	11
13	12
14	13
15	14
16	15
17	16
18	17
19	18
20	19
21	20
22	21
23	22
24	23
25	24
26	25
27	26
28	63
29	27
30	28
31	29
32	67
33	30
34	31
35	1
36	32
37	33
38	39
39	34
40	35
41	36
42	37
43	38
44	39
45	40
46	41
47	64
48	42
49	43
50	44
51	7
52	45
53	46
54	46
55	47
56	48
57	49
58	50
59	51
60	52
61	53
62	54
63	55
64	56
65	57
66	58
67	59
68	60
69	61
70	62
71	63
72	27
73	65
74	66
75	67
76	68
77	69
78	1
79	70
80	71
81	39
82	39
83	72
84	73
85	74
86	75
87	76
88	77
89	78
90	79
91	80
92	81
93	82
94	83
95	84
96	85
97	86
98	87
99	88
