0	0
1	71
2	1
3	2
4	3
5	4
6	5
7	7
8	6
9	7
10	8
11	9
12	10
13	11
14	12
15	13
16	14
17	15
18	16
19	17
20	18
21	19
22	20
23	21
24	22
25	23
26	24
27	25
28	62
29	26
30	27
31	28
32	66
33	29
34	30
35	31
36	32
37	33
38	71
39	34
40	35
41	36
42	37
43	38
44	71
45	39
46	40
47	63
48	41
49	42
50	43
51	7
52	44
53	7
54	45
55	46
56	47
57	48
58	49
59	50
60	51
61	52
62	53
63	54
64	55
65	56
66	57
67	58
68	59
69	60
70	61
71	62
72	26
73	64
74	65
75	66
76	67
77	68
78	31
79	69
80	70
81	71
82	71
83	72
84	73
85	74
86	75
87	76
88	77
89	78
90	79
91	80
92	81
93	82
94	83
95	84
96	85
97	86
98	87
99	88
