0	0
1	70
2	2
3	3
4	4
5	5
6	6
7	8
8	7
9	8
10	9
11	10
12	11
13	12
14	13
15	14
16	15
17	16
18	17
19	18
20	19
21	20
22	21
23	22
24	23
25	24
26	25
27	26
28	27
29	64
30	28
31	29
32	30
33	31
34	32
35	39
36	33
37	34
38	70
39	1
40	35
41	36
42	37
43	38
44	70
45	40
46	41
47	42
48	43
49	44
50	45
51	8
52	46
53	8
54	47
55	48
56	49
57	50
58	51
59	52
60	53
61	54
62	55
63	56
64	57
65	58
66	59
67	60
68	61
69	62
70	63
71	27
72	64
73	65
74	66
75	30
76	67
77	68
78	39
79	71
80	69
81	70
82	70
83	72
84	73
85	74
86	75
87	76
88	77
89	78
90	79
91	80
92	81
93	82
94	83
95	84
96	85
97	86
98	87
99	88
