0	0
1	63
2	1
3	2
4	3
5	4
6	5
7	6
8	7
9	6
10	9
11	10
12	11
13	12
14	13
15	14
16	15
17	16
18	17
19	18
20	19
21	57
22	20
23	21
24	22
25	23
26	24
27	25
28	57
29	26
30	27
31	28
32	60
33	29
34	62
35	63
36	30
37	31
38	63
39	32
40	33
41	57
42	34
43	35
44	63
45	36
46	37
47	8
48	38
49	39
50	65
51	6
52	40
53	6
54	41
55	42
56	43
57	44
58	45
59	46
60	47
61	48
62	49
63	50
64	67
65	51
66	52
67	53
68	54
69	55
70	56
71	57
72	26
73	58
74	59
75	60
76	61
77	62
78	63
79	63
80	64
81	63
82	63
83	66
84	67
85	68
86	69
87	70
88	71
89	72
90	73
91	74
92	75
93	76
94	77
95	78
96	79
97	80
98	81
99	82
