0	0
1	40
2	2
3	3
4	4
5	5
6	6
7	35
8	7
9	35
10	9
11	10
12	11
13	12
14	13
15	14
16	15
17	16
18	17
19	18
20	19
21	26
22	20
23	21
24	22
25	23
26	24
27	25
28	26
29	27
30	28
31	29
32	30
33	31
34	32
35	40
36	33
37	34
38	40
39	36
40	37
41	26
42	38
43	39
44	40
45	41
46	42
47	8
48	43
49	44
50	65
51	35
52	45
53	35
54	46
55	47
56	48
57	49
58	50
59	51
60	52
61	53
62	54
63	55
64	26
65	56
66	57
67	58
68	59
69	60
70	25
71	26
72	27
73	61
74	62
75	30
76	63
77	32
78	40
79	40
80	64
81	40
82	40
83	66
84	26
85	67
86	68
87	69
88	70
89	71
90	72
91	36
92	73
93	74
94	75
95	76
96	77
97	78
98	1
99	79
