0	0
1	62
2	2
3	3
4	4
5	5
6	6
7	8
8	7
9	8
10	9
11	10
12	11
13	12
14	13
15	14
16	46
17	15
18	16
19	17
20	18
21	25
22	19
23	20
24	21
25	22
26	23
27	24
28	25
29	26
30	27
31	28
32	59
33	29
34	30
35	62
36	31
37	32
38	62
39	69
40	33
41	25
42	34
43	56
44	62
45	35
46	36
47	37
48	38
49	39
50	40
51	62
52	8
53	8
54	41
55	42
56	43
57	44
58	45
59	46
60	47
61	48
62	49
63	50
64	25
65	51
66	52
67	53
68	54
69	55
70	24
71	25
72	26
73	57
74	58
75	59
76	60
77	30
78	62
79	62
80	61
81	62
82	62
83	63
84	25
85	64
86	65
87	66
88	1
89	67
90	68
91	69
92	70
93	71
94	72
95	73
96	74
97	75
98	76
99	72
