0	0
1	62
2	2
3	3
4	4
5	5
6	6
7	38
8	7
9	38
10	8
11	9
12	10
13	11
14	12
15	13
16	44
17	14
18	15
19	16
20	17
21	54
22	18
23	19
24	20
25	21
26	22
27	23
28	54
29	24
30	25
31	26
32	27
33	28
34	59
35	62
36	29
37	30
38	62
39	69
40	31
41	54
42	32
43	33
44	62
45	35
46	36
47	24
48	60
49	37
50	34
51	62
52	38
53	38
54	39
55	40
56	41
57	42
58	43
59	44
60	45
61	46
62	47
63	48
64	54
65	49
66	50
67	51
68	52
69	53
70	23
71	54
72	24
73	55
74	56
75	27
76	58
77	59
78	62
79	62
80	61
81	62
82	62
83	63
84	54
85	64
86	65
87	66
88	1
89	67
90	68
91	69
92	70
93	71
94	57
95	72
96	73
97	74
98	75
99	57
