0	0
1	32
2	2
3	3
4	4
5	5
6	6
7	8
8	7
9	8
10	9
11	10
12	11
13	12
14	13
15	14
16	59
17	15
18	16
19	17
20	18
21	19
22	20
23	21
24	22
25	23
26	24
27	25
28	19
29	26
30	27
31	28
32	29
33	30
34	57
35	32
36	32
37	31
38	32
39	66
40	33
41	19
42	61
43	34
44	32
45	36
46	37
47	26
48	35
49	38
50	39
51	32
52	8
53	8
54	40
55	41
56	42
57	43
58	44
59	59
60	45
61	46
62	47
63	48
64	19
65	50
66	51
67	52
68	53
69	54
70	25
71	19
72	26
73	55
74	49
75	29
76	56
77	57
78	32
79	32
80	58
81	32
82	32
83	60
84	19
85	61
86	62
87	63
88	1
89	64
90	65
91	66
92	67
93	68
94	69
95	70
96	71
97	72
98	73
99	69
