0	0
1	28
2	2
3	3
4	4
5	5
6	6
7	28
8	34
9	7
10	8
11	9
12	10
13	11
14	12
15	13
16	14
17	15
18	16
19	17
20	18
21	55
22	19
23	20
24	21
25	22
26	23
27	48
28	55
29	49
30	24
31	25
32	51
33	26
34	52
35	28
36	1
37	27
38	28
39	1
40	28
41	55
42	56
43	29
44	28
45	30
46	31
47	49
48	32
49	33
50	28
51	28
52	7
53	7
54	35
55	36
56	37
57	38
58	39
59	14
60	40
61	41
62	42
63	43
64	55
65	45
66	46
67	47
68	47
69	48
70	48
71	55
72	49
73	50
74	44
75	51
76	26
77	52
78	28
79	28
80	53
81	28
82	28
83	54
84	55
85	56
86	57
87	58
88	60
89	60
90	59
91	60
92	61
93	62
94	51
95	63
96	64
97	65
98	65
99	51
