0	0
1	30
2	1
3	2
4	3
5	4
6	5
7	30
8	7
9	6
10	6
11	8
12	9
13	10
14	11
15	12
16	38
17	13
18	21
19	14
20	15
21	43
22	16
23	17
24	18
25	19
26	20
27	22
28	43
29	23
30	24
31	48
32	61
33	25
34	50
35	30
36	30
37	26
38	30
39	27
40	30
41	43
42	28
43	29
44	30
45	31
46	32
47	23
48	51
49	33
50	30
51	30
52	6
53	6
54	34
55	49
56	35
57	36
58	37
59	38
60	39
61	40
62	41
63	42
64	43
65	44
66	45
67	46
68	46
69	22
70	22
71	43
72	23
73	47
74	48
75	61
76	25
77	50
78	30
79	30
80	52
81	30
82	30
83	53
84	43
85	28
86	54
87	55
88	27
89	27
90	56
91	27
92	57
93	61
94	61
95	58
96	59
97	60
98	60
99	61
