0	0
1	50
2	2
3	3
4	4
5	5
6	6
7	50
8	32
9	7
10	7
11	8
12	9
13	10
14	11
15	12
16	13
17	14
18	15
19	16
20	17
21	23
22	18
23	19
24	20
25	21
26	22
27	22
28	23
29	24
30	25
31	40
32	58
33	47
34	48
35	50
36	50
37	26
38	50
39	27
40	50
41	23
42	52
43	24
44	50
45	28
46	29
47	24
48	30
49	31
50	50
51	50
52	7
53	7
54	33
55	46
56	34
57	35
58	36
59	13
60	37
61	43
62	38
63	39
64	23
65	41
66	42
67	44
68	44
69	22
70	22
71	23
72	24
73	45
74	40
75	58
76	47
77	48
78	50
79	50
80	49
81	50
82	50
83	50
84	23
85	52
86	56
87	53
88	27
89	27
90	54
91	27
92	55
93	58
94	58
95	1
96	51
97	57
98	57
99	58
