0	0
1	48
2	2
3	3
4	4
5	5
6	6
7	48
8	7
9	8
10	8
11	9
12	10
13	11
14	12
15	13
16	14
17	15
18	15
19	16
20	17
21	25
22	21
23	18
24	19
25	20
26	43
27	43
28	25
29	44
30	22
31	39
32	53
33	23
34	39
35	48
36	48
37	24
38	48
39	51
40	48
41	25
42	26
43	44
44	48
45	27
46	28
47	44
48	29
49	30
50	48
51	48
52	8
53	8
54	31
55	46
56	32
57	33
58	34
59	14
60	35
61	36
62	37
63	38
64	25
65	40
66	41
67	42
68	42
69	43
70	43
71	25
72	44
73	45
74	39
75	53
76	23
77	39
78	48
79	48
80	47
81	48
82	48
83	48
84	25
85	26
86	49
87	53
88	51
89	51
90	50
91	51
92	52
93	53
94	53
95	1
96	51
97	54
98	54
99	53
