0	0
1	1
2	2
3	3
4	19
5	5
6	4
7	1
8	24
9	25
10	25
11	6
12	7
13	10
14	8
15	9
16	29
17	38
18	15
19	11
20	12
21	16
22	13
23	14
24	35
25	43
26	15
27	15
28	16
29	17
30	18
31	33
32	45
33	33
34	33
35	1
36	1
37	20
38	1
39	1
40	1
41	16
42	41
43	17
44	1
45	21
46	22
47	17
48	39
49	23
50	1
51	1
52	25
53	25
54	25
55	38
56	26
57	27
58	28
59	29
60	30
61	38
62	31
63	32
64	16
65	34
66	36
67	36
68	36
69	15
70	15
71	16
72	17
73	37
74	33
75	45
76	33
77	33
78	1
79	1
80	40
81	1
82	1
83	1
84	16
85	41
86	45
87	45
88	1
89	1
90	42
91	1
92	44
93	45
94	45
95	46
96	1
97	47
98	47
99	45
