0	12
1	31
2	28
3	0
4	1
5	1
6	2
7	31
8	20
9	20
10	20
11	3
12	4
13	6
14	5
15	5
16	6
17	7
18	10
19	8
20	9
21	11
22	26
23	30
24	18
25	18
26	10
27	10
28	11
29	12
30	13
31	14
32	37
33	14
34	14
35	31
36	31
37	16
38	31
39	31
40	31
41	11
42	37
43	12
44	31
45	28
46	24
47	12
48	19
49	23
50	31
51	31
52	20
53	20
54	20
55	7
56	21
57	22
58	23
59	31
60	15
61	7
62	17
63	25
64	11
65	26
66	27
67	27
68	27
69	10
70	10
71	11
72	12
73	29
74	14
75	37
76	14
77	14
78	31
79	31
80	32
81	31
82	31
83	31
84	11
85	11
86	37
87	37
88	31
89	31
90	33
91	31
92	35
93	37
94	37
95	34
96	31
97	36
98	36
99	37
