0	14
1	0
2	18
3	1
4	2
5	2
6	3
7	0
8	4
9	4
10	4
11	5
12	12
13	6
14	7
15	7
16	6
17	12
18	12
19	9
20	29
21	13
22	10
23	27
24	24
25	11
26	12
27	12
28	13
29	14
30	15
31	26
32	33
33	26
34	26
35	0
36	0
37	16
38	0
39	0
40	0
41	13
42	33
43	14
44	0
45	18
46	17
47	14
48	25
49	19
50	0
51	0
52	4
53	4
54	4
55	12
56	21
57	20
58	19
59	0
60	8
61	24
62	22
63	23
64	13
65	10
66	24
67	24
68	24
69	12
70	12
71	13
72	14
73	31
74	26
75	33
76	26
77	26
78	0
79	0
80	28
81	0
82	0
83	0
84	13
85	13
86	33
87	33
88	0
89	0
90	30
91	0
92	32
93	33
94	33
95	0
96	0
97	0
98	0
99	33
