0	9
1	26
2	13
3	0
4	1
5	1
6	2
7	26
8	3
9	3
10	3
11	4
12	22
13	18
14	5
15	5
16	18
17	22
18	22
19	6
20	7
21	23
22	24
23	24
24	21
25	25
26	22
27	22
28	23
29	9
30	11
31	10
32	24
33	10
34	10
35	26
36	26
37	12
38	26
39	26
40	26
41	23
42	24
43	9
44	26
45	13
46	14
47	9
48	15
49	16
50	26
51	26
52	3
53	3
54	3
55	22
56	17
57	16
58	16
59	26
60	18
61	21
62	19
63	20
64	23
65	8
66	21
67	21
68	21
69	22
70	22
71	23
72	9
73	29
74	10
75	24
76	10
77	10
78	26
79	26
80	27
81	26
82	26
83	26
84	23
85	23
86	24
87	24
88	26
89	26
90	28
91	26
92	30
93	24
94	24
95	26
96	26
97	26
98	26
99	24
