0	21
1	13
2	7
3	3
4	10
5	10
6	2
7	13
8	13
9	0
10	0
11	1
12	7
13	16
14	2
15	2
16	16
17	7
18	7
19	4
20	24
21	11
22	25
23	25
24	20
25	6
26	7
27	7
28	11
29	21
30	9
31	22
32	25
33	22
34	22
35	13
36	13
37	16
38	13
39	13
40	13
41	11
42	25
43	21
44	13
45	20
46	19
47	21
48	21
49	15
50	13
51	13
52	0
53	0
54	0
55	7
56	14
57	15
58	15
59	13
60	17
61	20
62	7
63	18
64	11
65	5
66	20
67	20
68	20
69	7
70	7
71	11
72	21
73	9
74	22
75	25
76	22
77	22
78	13
79	13
80	23
81	13
82	13
83	13
84	11
85	11
86	25
87	25
88	13
89	13
90	8
91	13
92	12
93	25
94	25
95	13
96	13
97	13
98	13
99	25
