0	17
1	22
2	16
3	3
4	0
5	0
6	2
7	22
8	22
9	10
10	10
11	1
12	16
13	8
14	2
15	2
16	8
17	16
18	16
19	7
20	4
21	6
22	19
23	19
24	14
25	5
26	16
27	16
28	6
29	17
30	18
31	20
32	19
33	20
34	20
35	22
36	22
37	8
38	22
39	22
40	22
41	6
42	19
43	17
44	22
45	16
46	12
47	17
48	17
49	9
50	22
51	22
52	10
53	10
54	10
55	16
56	11
57	9
58	9
59	22
60	8
61	14
62	16
63	13
64	6
65	15
66	14
67	14
68	14
69	16
70	16
71	6
72	17
73	18
74	20
75	19
76	20
77	20
78	22
79	22
80	21
81	22
82	22
83	22
84	6
85	6
86	19
87	19
88	22
89	22
90	23
91	22
92	24
93	19
94	19
95	22
96	22
97	22
98	22
99	19
