0	15
1	16
2	7
3	8
4	1
5	1
6	3
7	16
8	16
9	13
10	13
11	2
12	7
13	1
14	3
15	3
16	16
17	7
18	7
19	7
20	17
21	13
22	7
23	7
24	14
25	6
26	7
27	7
28	7
29	15
30	18
31	13
32	7
33	13
34	17
35	16
36	16
37	9
38	16
39	16
40	16
41	13
42	7
43	15
44	16
45	7
46	14
47	15
48	15
49	10
50	16
51	16
52	13
53	13
54	4
55	7
56	4
57	10
58	10
59	16
60	11
61	14
62	7
63	12
64	13
65	5
66	14
67	14
68	14
69	7
70	7
71	13
72	15
73	18
74	13
75	7
76	13
77	16
78	16
79	16
80	16
81	16
82	16
83	16
84	13
85	17
86	7
87	7
88	16
89	16
90	18
91	16
92	0
93	7
94	7
95	16
96	16
97	16
98	16
99	7
