0	5
1	11
2	4
3	3
4	0
5	0
6	2
7	11
8	11
9	12
10	12
11	1
12	4
13	0
14	2
15	2
16	11
17	4
18	4
19	4
20	6
21	12
22	4
23	4
24	10
25	10
26	4
27	4
28	4
29	5
30	7
31	12
32	4
33	12
34	6
35	11
36	11
37	11
38	11
39	11
40	11
41	12
42	4
43	5
44	11
45	4
46	5
47	5
48	5
49	8
50	11
51	11
52	12
53	12
54	9
55	4
56	9
57	8
58	8
59	11
60	11
61	4
62	4
63	6
64	12
65	8
66	10
67	4
68	10
69	4
70	4
71	12
72	5
73	7
74	12
75	4
76	12
77	11
78	11
79	11
80	11
81	11
82	11
83	11
84	12
85	6
86	4
87	4
88	11
89	11
90	7
91	11
92	13
93	4
94	4
95	11
96	11
97	11
98	11
99	4
