0	10
1	1
2	5
3	5
4	0
5	0
6	3
7	1
8	1
9	12
10	12
11	2
12	5
13	0
14	3
15	3
16	1
17	5
18	5
19	5
20	4
21	12
22	5
23	5
24	9
25	9
26	5
27	5
28	5
29	10
30	11
31	12
32	5
33	12
34	4
35	1
36	1
37	1
38	1
39	1
40	1
41	12
42	5
43	5
44	1
45	5
46	5
47	10
48	10
49	7
50	1
51	1
52	12
53	12
54	12
55	5
56	8
57	7
58	7
59	1
60	1
61	5
62	5
63	4
64	12
65	7
66	9
67	5
68	9
69	5
70	5
71	12
72	10
73	11
74	12
75	5
76	12
77	1
78	1
79	1
80	1
81	1
82	1
83	1
84	12
85	4
86	5
87	5
88	1
89	1
90	11
91	1
92	6
93	5
94	5
95	1
96	1
97	1
98	1
99	5
