0	2
1	10
2	2
3	2
4	3
5	3
6	1
7	10
8	10
9	8
10	8
11	4
12	2
13	1
14	1
15	1
16	10
17	2
18	2
19	2
20	9
21	8
22	2
23	2
24	7
25	7
26	2
27	2
28	2
29	3
30	11
31	8
32	2
33	8
34	9
35	10
36	10
37	10
38	10
39	10
40	10
41	8
42	2
43	2
44	10
45	2
46	2
47	3
48	3
49	5
50	10
51	10
52	8
53	8
54	8
55	2
56	6
57	5
58	1
59	10
60	10
61	2
62	2
63	9
64	8
65	5
66	7
67	2
68	7
69	2
70	2
71	8
72	3
73	11
74	8
75	2
76	8
77	10
78	10
79	10
80	10
81	10
82	10
83	10
84	8
85	9
86	2
87	2
88	10
89	10
90	11
91	10
92	0
93	2
94	2
95	10
96	10
97	10
98	10
99	2
