0	3
1	10
2	3
3	3
4	8
5	8
6	2
7	10
8	10
9	5
10	5
11	1
12	3
13	2
14	2
15	2
16	10
17	3
18	3
19	3
20	4
21	5
22	3
23	3
24	7
25	7
26	3
27	3
28	3
29	8
30	9
31	5
32	3
33	5
34	5
35	10
36	10
37	10
38	10
39	10
40	10
41	5
42	3
43	3
44	10
45	3
46	3
47	8
48	8
49	2
50	10
51	10
52	5
53	5
54	10
55	3
56	0
57	2
58	2
59	10
60	10
61	3
62	3
63	4
64	5
65	6
66	3
67	3
68	3
69	3
70	3
71	5
72	8
73	10
74	5
75	3
76	5
77	10
78	10
79	10
80	10
81	10
82	10
83	10
84	5
85	5
86	3
87	3
88	10
89	10
90	9
91	10
92	7
93	3
94	3
95	10
96	10
97	10
98	10
99	3
