34 55 72
54 52 74
37 80 61
57 65 69
34 95 34
55 96 34
29 72 60
62 84 51
27 91 34
64 90 33
20 69 45
71 69 42
23 76 46
72 78 41
25 81 32
69 83 32
24 54 46
70 57 44
42 61 73
49 65 67
41 69 28
48 71 29
42 78 63
49 78 63
43 93 33
49 93 33
39 74 29
48 91 27
28 53 46
64 57 43
43 80 47
49 79 48
42 51 58
48 55 57
44 44 51
49 42 50
36 44 39
59 44 37
32 43 32
55 44 32
34 62 29
57 62 29
42 29 43
52 31 43
43 21 54
51 23 52
38 32 35
54 36 35
35 18 49
56 20 52
29 25 53
62 26 52
24 25 32
66 22 33
28 36 29
61 39 29
34 47 73
53 43 75
33 38 70
56 30 64
22 41 59
71 43 61
15 47 52
74 44 54
24 31 56
66 31 60
42 35 60
49 37 60
41 49 71
48 49 74
37 63 47
54 64 47
33 65 42
58 65 42
38 65 36
55 64 37
39 53 39
52 53 39
28 49 42
65 51 42
16 46 45
75 60 34
22 72 26
75 67 32
20 33 43
71 32 43
20 70 22
66 72 17
18 36 28
72 37 27