22 64 22
28 64 22
64 64 22
28 28 28
64 28 28
22 34 28
28 34 28
64 34 28
28 40 28
64 40 28
28 46 28
34 46 28
58 46 28
64 46 28
16 52 28
22 52 28
28 52 28
34 52 28
58 52 28
64 52 28
16 58 28
22 58 28
28 58 28
34 58 28
58 58 28
64 58 28
70 58 28
76 58 28
22 64 28
34 64 28
58 64 28
70 64 28
22 70 28
28 70 28
34 70 28
58 70 28
64 70 28
70 70 28
28 76 28
64 76 28
34 82 28
40 82 28
46 82 28
52 82 28
28 22 34
34 22 34
40 22 34
52 22 34
58 22 34
64 22 34
28 28 34
34 28 34
40 28 34
52 28 34
58 28 34
64 28 34
70 28 34
22 34 34
28 34 34
34 34 34
40 34 34
52 34 34
58 34 34
64 34 34
70 34 34
22 40 34
34 40 34
58 40 34
64 40 34
70 40 34
76 40 34
16 46 34
34 46 34
40 46 34
52 46 34
58 46 34
76 46 34
16 52 34
22 52 34
34 52 34
70 52 34
76 52 34
22 58 34
28 58 34
64 58 34
70 58 34
76 58 34
22 64 34
28 64 34
34 64 34
58 64 34
64 64 34
70 64 34
22 70 34
28 70 34
34 70 34
40 70 34
46 70 34
52 70 34
58 70 34
64 70 34
70 70 34
22 76 34
28 76 34
40 76 34
46 76 34
52 76 34
64 76 34
70 76 34
22 82 34
28 82 34
46 82 34
52 82 34
64 82 34
70 82 34
28 88 34
40 88 34
46 88 34
52 88 34
58 88 34
64 88 34
28 22 40
34 22 40
40 22 40
46 22 40
52 22 40
58 22 40
64 22 40
22 28 40
34 28 40
40 28 40
46 28 40
52 28 40
64 28 40
70 28 40
22 34 40
34 34 40
40 34 40
46 34 40
52 34 40
58 34 40
70 34 40
16 40 40
22 40 40
34 40 40
40 40 40
52 40 40
70 40 40
76 40 40
16 46 40
22 46 40
40 46 40
52 46 40
70 46 40
76 46 40
16 52 40
22 52 40
40 52 40
52 52 40
64 52 40
70 52 40
76 52 40
16 58 40
22 58 40
28 58 40
40 58 40
46 58 40
52 58 40
58 58 40
64 58 40
70 58 40
76 58 40
16 64 40
22 64 40
28 64 40
34 64 40
58 64 40
64 64 40
70 64 40
22 70 40
28 70 40
34 70 40
40 70 40
52 70 40
58 70 40
64 70 40
70 70 40
22 76 40
28 76 40
40 76 40
52 76 40
64 76 40
70 76 40
22 82 40
28 82 40
46 82 40
64 82 40
70 82 40
28 88 40
40 88 40
46 88 40
52 88 40
64 88 40
34 94 40
40 94 40
46 94 40
52 94 40
58 94 40
34 22 46
40 22 46
46 22 46
52 22 46
58 22 46
28 28 46
34 28 46
40 28 46
46 28 46
52 28 46
64 28 46
70 28 46
22 34 46
34 34 46
40 34 46
46 34 46
52 34 46
70 34 46
16 40 46
22 40 46
40 40 46
46 40 46
52 40 46
70 40 46
76 40 46
16 46 46
22 46 46
70 46 46
76 46 46
16 52 46
22 52 46
28 52 46
64 52 46
70 52 46
76 52 46
16 58 46
22 58 46
28 58 46
40 58 46
52 58 46
64 58 46
70 58 46
76 58 46
16 64 46
22 64 46
40 64 46
52 64 46
64 64 46
70 64 46
22 70 46
40 70 46
52 70 46
64 70 46
70 70 46
22 76 46
46 76 46
64 76 46
70 76 46
22 82 46
28 82 46
40 82 46
46 82 46
64 82 46
70 82 46
28 88 46
34 88 46
40 88 46
46 88 46
52 88 46
58 88 46
64 88 46
34 94 46
40 94 46
46 94 46
52 94 46
58 94 46
34 22 52
40 22 52
52 22 52
28 28 52
34 28 52
40 28 52
46 28 52
52 28 52
58 28 52
64 28 52
22 34 52
28 34 52
34 34 52
40 34 52
46 34 52
52 34 52
58 34 52
64 34 52
70 34 52
22 40 52
40 40 52
46 40 52
52 40 52
70 40 52
16 46 52
22 46 52
46 46 52
70 46 52
76 46 52
16 52 52
22 52 52
70 52 52
76 52 52
16 58 52
22 58 52
70 58 52
76 58 52
16 64 52
22 64 52
46 64 52
70 64 52
22 70 52
28 70 52
46 70 52
64 70 52
70 70 52
22 76 52
28 76 52
40 76 52
46 76 52
64 76 52
70 76 52
28 82 52
34 82 52
40 82 52
46 82 52
52 82 52
58 82 52
64 82 52
34 88 52
40 88 52
46 88 52
52 88 52
58 88 52
40 94 52
28 28 58
34 28 58
40 28 58
46 28 58
52 28 58
58 28 58
64 28 58
28 34 58
34 34 58
40 34 58
46 34 58
52 34 58
58 34 58
64 34 58
70 34 58
22 40 58
28 40 58
40 40 58
46 40 58
52 40 58
64 40 58
70 40 58
22 46 58
28 46 58
40 46 58
46 46 58
52 46 58
64 46 58
70 46 58
16 52 58
22 52 58
28 52 58
40 52 58
46 52 58
52 52 58
64 52 58
70 52 58
22 58 58
28 58 58
40 58 58
46 58 58
52 58 58
64 58 58
70 58 58
22 64 58
28 64 58
40 64 58
46 64 58
52 64 58
64 64 58
70 64 58
22 70 58
28 70 58
40 70 58
46 70 58
52 70 58
64 70 58
70 70 58
28 76 58
34 76 58
40 76 58
46 76 58
52 76 58
58 76 58
64 76 58
28 82 58
34 82 58
40 82 58
46 82 58
52 82 58
58 82 58
40 88 58
46 88 58
52 88 58
28 34 64
34 34 64
40 34 64
46 34 64
52 34 64
58 34 64
64 34 64
28 40 64
34 40 64
40 40 64
46 40 64
52 40 64
58 40 64
64 40 64
22 46 64
28 46 64
34 46 64
40 46 64
46 46 64
52 46 64
64 46 64
70 46 64
22 52 64
28 52 64
40 52 64
46 52 64
52 52 64
64 52 64
70 52 64
22 58 64
28 58 64
40 58 64
46 58 64
52 58 64
64 58 64
28 64 64
34 64 64
40 64 64
46 64 64
52 64 64
58 64 64
64 64 64
28 70 64
34 70 64
40 70 64
46 70 64
52 70 64
58 70 64
64 70 64
34 76 64
40 76 64
46 76 64
52 76 64
58 76 64
40 82 64
46 82 64
52 82 64
28 46 70
34 46 70
40 46 70
46 46 70
52 46 70
58 46 70
28 52 70
34 52 70
40 52 70
46 52 70
52 52 70
58 52 70
64 52 70
34 58 70
40 58 70
46 58 70
52 58 70
58 58 70
34 64 70
40 64 70
46 64 70
52 64 70
58 64 70
40 70 70
46 70 70
52 70 70
