0	0
1	1
2	2
3	3
4	4
5	5
6	6
7	7
8	8
9	9
10	10
11	11
12	12
13	13
14	14
15	15
16	16
17	17
18	18
19	19
20	20
21	21
22	22
23	23
24	24
25	25
26	26
27	27
28	28
29	29
30	30
31	31
32	32
33	33
34	34
35	35
36	36
37	37
38	78
39	38
40	39
41	40
42	41
43	42
44	43
45	44
46	45
47	46
48	47
49	48
50	49
51	50
52	51
53	52
54	53
55	54
56	55
57	56
58	57
59	58
60	58
61	59
62	60
63	61
64	62
65	63
66	23
67	64
68	65
69	66
70	67
71	68
72	69
73	70
74	71
75	72
76	73
77	74
78	75
79	76
80	77
81	78
82	79
83	80
84	81
85	82
86	83
87	84
88	85
89	86
90	87
91	88
92	89
93	83
94	92
95	92
96	90
97	91
98	83
99	92
