0	0
1	1
2	2
3	3
4	4
5	5
6	6
7	7
8	8
9	7
10	16
11	9
12	10
13	11
14	12
15	13
16	14
17	15
18	15
19	17
20	18
21	19
22	20
23	62
24	21
25	22
26	23
27	24
28	25
29	26
30	27
31	28
32	29
33	30
34	31
35	32
36	33
37	34
38	35
39	36
40	37
41	38
42	39
43	40
44	41
45	42
46	43
47	44
48	45
49	46
50	47
51	48
52	49
53	50
54	51
55	52
56	53
57	54
58	55
59	56
60	56
61	57
62	58
63	59
64	60
65	61
66	62
67	63
68	64
69	65
70	66
71	67
72	68
73	69
74	70
75	71
76	72
77	73
78	74
79	75
80	76
81	35
82	77
83	78
84	79
85	80
86	84
87	88
88	85
89	81
90	82
91	83
92	88
93	84
94	84
95	84
96	86
97	87
98	84
99	84
