0	0
1	1
2	2
3	3
4	4
5	5
6	6
7	7
8	8
9	7
10	9
11	10
12	11
13	12
14	13
15	14
16	15
17	16
18	16
19	17
20	18
21	19
22	20
23	21
24	22
25	23
26	24
27	25
28	26
29	27
30	28
31	29
32	30
33	31
34	32
35	33
36	34
37	35
38	75
39	36
40	37
41	38
42	39
43	40
44	41
45	42
46	43
47	44
48	45
49	46
50	47
51	48
52	49
53	50
54	51
55	52
56	53
57	54
58	55
59	56
60	56
61	57
62	58
63	59
64	60
65	61
66	21
67	62
68	63
69	64
70	65
71	66
72	67
73	68
74	69
75	70
76	70
77	71
78	72
79	73
80	74
81	75
82	76
83	77
84	78
85	79
86	87
87	87
88	81
89	82
90	83
91	84
92	80
93	87
94	87
95	87
96	85
97	86
98	87
99	87
