0	0
1	1
2	2
3	3
4	4
5	5
6	6
7	7
8	7
9	7
10	15
11	8
12	9
13	10
14	11
15	12
16	13
17	14
18	14
19	16
20	17
21	18
22	19
23	59
24	20
25	21
26	22
27	23
28	24
29	25
30	26
31	27
32	28
33	29
34	30
35	31
36	32
37	33
38	73
39	34
40	35
41	36
42	37
43	38
44	39
45	40
46	41
47	42
48	43
49	44
50	45
51	46
52	47
53	48
54	49
55	50
56	4
57	51
58	52
59	53
60	53
61	54
62	55
63	56
64	57
65	58
66	59
67	60
68	61
69	62
70	63
71	64
72	65
73	66
74	67
75	68
76	68
77	69
78	70
79	71
80	72
81	73
82	74
83	75
84	76
85	77
86	80
87	80
88	84
89	78
90	79
91	83
92	80
93	80
94	80
95	80
96	81
97	82
98	80
99	80
