0	0
1	1
2	2
3	3
4	4
5	5
6	6
7	7
8	7
9	7
10	15
11	8
12	9
13	10
14	11
15	12
16	13
17	14
18	14
19	16
20	17
21	18
22	19
23	58
24	20
25	21
26	22
27	23
28	24
29	25
30	26
31	27
32	28
33	29
34	30
35	31
36	32
37	33
38	34
39	35
40	36
41	37
42	38
43	39
44	71
45	40
46	41
47	42
48	43
49	44
50	45
51	46
52	47
53	48
54	49
55	50
56	4
57	51
58	52
59	52
60	52
61	53
62	54
63	55
64	56
65	57
66	58
67	59
68	60
69	61
70	62
71	63
72	64
73	65
74	66
75	67
76	67
77	68
78	69
79	73
80	70
81	34
82	72
83	73
84	74
85	75
86	76
87	76
88	80
89	77
90	78
91	79
92	76
93	76
94	76
95	76
96	81
97	82
98	76
99	76
