0	0
1	1
2	2
3	3
4	52
5	4
6	5
7	6
8	6
9	6
10	14
11	7
12	8
13	9
14	10
15	11
16	12
17	13
18	13
19	15
20	16
21	17
22	18
23	19
24	20
25	21
26	22
27	23
28	24
29	25
30	26
31	27
32	28
33	29
34	30
35	31
36	32
37	33
38	34
39	35
40	36
41	37
42	38
43	39
44	40
45	41
46	42
47	43
48	44
49	45
50	46
51	47
52	48
53	49
54	50
55	51
56	52
57	53
58	54
59	54
60	54
61	55
62	56
63	57
64	58
65	59
66	19
67	60
68	61
69	62
70	63
71	64
72	65
73	66
74	67
75	68
76	68
77	69
78	70
79	73
80	71
81	34
82	72
83	73
84	74
85	75
86	82
87	82
88	76
89	77
90	78
91	79
92	82
93	82
94	82
95	82
96	81
97	80
98	82
99	82
