0	0
1	1
2	2
3	3
4	15
5	4
6	5
7	7
8	7
9	7
10	15
11	8
12	9
13	10
14	11
15	12
16	13
17	14
18	15
19	16
20	17
21	18
22	19
23	20
24	21
25	22
26	23
27	24
28	25
29	26
30	27
31	28
32	29
33	30
34	31
35	32
36	33
37	34
38	35
39	36
40	37
41	38
42	39
43	40
44	41
45	42
46	43
47	44
48	45
49	46
50	47
51	48
52	6
53	7
54	49
55	50
56	15
57	51
58	52
59	52
60	52
61	53
62	54
63	55
64	56
65	57
66	20
67	58
68	59
69	60
70	61
71	62
72	63
73	64
74	65
75	66
76	66
77	67
78	68
79	69
80	70
81	35
82	71
83	69
84	72
85	73
86	77
87	77
88	78
89	74
90	75
91	76
92	77
93	77
94	77
95	77
96	80
97	79
98	77
99	77
