0	0
1	1
2	2
3	3
4	14
5	4
6	5
7	6
8	6
9	6
10	14
11	7
12	8
13	9
14	10
15	11
16	12
17	13
18	14
19	15
20	16
21	17
22	18
23	56
24	19
25	20
26	21
27	22
28	23
29	24
30	25
31	26
32	27
33	28
34	29
35	30
36	31
37	32
38	33
39	34
40	35
41	36
42	37
43	38
44	39
45	40
46	41
47	42
48	43
49	44
50	45
51	46
52	47
53	6
54	48
55	47
56	14
57	49
58	50
59	50
60	50
61	51
62	52
63	53
64	54
65	55
66	56
67	57
68	58
69	59
70	60
71	61
72	62
73	63
74	64
75	65
76	65
77	66
78	67
79	70
80	68
81	33
82	69
83	70
84	71
85	72
86	73
87	73
88	77
89	74
90	75
91	76
92	73
93	73
94	73
95	73
96	79
97	78
98	73
99	73
