0	0
1	1
2	2
3	3
4	6
5	4
6	5
7	7
8	7
9	7
10	6
11	8
12	9
13	10
14	11
15	12
16	13
17	14
18	6
19	15
20	16
21	17
22	18
23	19
24	20
25	21
26	22
27	23
28	24
29	25
30	26
31	27
32	28
33	29
34	30
35	31
36	32
37	33
38	34
39	35
40	36
41	37
42	38
43	39
44	40
45	41
46	42
47	43
48	44
49	45
50	46
51	47
52	49
53	7
54	48
55	49
56	6
57	50
58	51
59	51
60	51
61	52
62	53
63	54
64	55
65	56
66	19
67	57
68	58
69	59
70	60
71	61
72	62
73	63
74	64
75	65
76	65
77	66
78	67
79	70
80	68
81	34
82	69
83	70
84	71
85	66
86	72
87	72
88	73
89	74
90	77
91	75
92	72
93	72
94	72
95	72
96	72
97	76
98	72
99	72
