0	0
1	1
2	2
3	3
4	4
5	5
6	6
7	7
8	7
9	7
10	4
11	8
12	9
13	10
14	11
15	12
16	13
17	14
18	4
19	15
20	16
21	17
22	18
23	19
24	20
25	21
26	22
27	23
28	24
29	25
30	26
31	27
32	28
33	29
34	30
35	31
36	32
37	33
38	67
39	34
40	35
41	36
42	37
43	38
44	67
45	39
46	40
47	41
48	42
49	43
50	44
51	45
52	46
53	7
54	47
55	46
56	4
57	48
58	49
59	49
60	49
61	50
62	51
63	52
64	53
65	54
66	19
67	55
68	56
69	57
70	58
71	59
72	63
73	60
74	61
75	62
76	62
77	64
78	65
79	69
80	66
81	67
82	68
83	69
84	70
85	64
86	76
87	76
88	74
89	72
90	73
91	71
92	76
93	76
94	76
95	76
96	76
97	75
98	76
99	76
