0	0
1	66
2	1
3	2
4	6
5	3
6	4
7	45
8	6
9	6
10	6
11	7
12	8
13	9
14	10
15	11
16	12
17	13
18	6
19	14
20	15
21	16
22	17
23	18
24	19
25	20
26	21
27	22
28	23
29	24
30	25
31	26
32	27
33	28
34	29
35	30
36	5
37	31
38	32
39	33
40	34
41	35
42	36
43	37
44	32
45	39
46	40
47	41
48	42
49	48
50	43
51	44
52	47
53	45
54	46
55	47
56	6
57	48
58	49
59	49
60	49
61	50
62	51
63	52
64	53
65	54
66	18
67	55
68	56
69	57
70	58
71	59
72	63
73	60
74	61
75	62
76	62
77	68
78	38
79	64
80	65
81	32
82	5
83	64
84	67
85	68
86	71
87	71
88	71
89	69
90	70
91	71
92	71
93	71
94	71
95	71
96	71
97	72
98	71
99	71
