0	0
1	51
2	1
3	2
4	6
5	3
6	4
7	52
8	6
9	6
10	6
11	6
12	7
13	35
14	35
15	8
16	36
17	9
18	6
19	10
20	11
21	26
22	12
23	41
24	13
25	14
26	15
27	16
28	17
29	41
30	18
31	19
32	20
33	21
34	53
35	22
36	52
37	23
38	24
39	25
40	5
41	26
42	27
43	28
44	24
45	29
46	30
47	31
48	32
49	33
50	52
51	49
52	6
53	6
54	34
55	6
56	6
57	33
58	35
59	35
60	35
61	37
62	38
63	39
64	26
65	40
66	41
67	42
68	14
69	43
70	44
71	45
72	48
73	47
74	46
75	47
76	47
77	53
78	24
79	52
80	50
81	24
82	52
83	52
84	26
85	53
86	56
87	56
88	56
89	54
90	56
91	56
92	56
93	56
94	56
95	56
96	56
97	55
98	56
99	56
