0	0
1	47
2	1
3	2
4	6
5	3
6	4
7	23
8	6
9	6
10	6
11	6
12	7
13	34
14	34
15	35
16	3
17	9
18	6
19	10
20	11
21	38
22	12
23	13
24	14
25	40
26	15
27	16
28	17
29	13
30	18
31	19
32	20
33	21
34	49
35	22
36	23
37	24
38	47
39	25
40	26
41	38
42	27
43	28
44	47
45	29
46	30
47	31
48	32
49	33
50	23
51	23
52	6
53	6
54	5
55	6
56	6
57	33
58	34
59	34
60	34
61	8
62	36
63	37
64	38
65	39
66	13
67	51
68	40
69	41
70	42
71	43
72	44
73	46
74	45
75	46
76	46
77	49
78	47
79	23
80	48
81	47
82	23
83	23
84	38
85	49
86	52
87	52
88	52
89	50
90	52
91	52
92	52
93	52
94	52
95	52
96	52
97	53
98	52
99	52
