0	0
1	37
2	1
3	5
4	2
5	4
6	23
7	38
8	2
9	2
10	2
11	2
12	3
13	24
14	24
15	24
16	24
17	5
18	2
19	6
20	35
21	39
22	7
23	29
24	8
25	9
26	30
27	31
28	32
29	29
30	10
31	11
32	12
33	13
34	40
35	15
36	38
37	14
38	37
39	15
40	16
41	39
42	40
43	17
44	37
45	18
46	19
47	20
48	21
49	23
50	38
51	38
52	2
53	2
54	22
55	2
56	2
57	23
58	24
59	24
60	24
61	25
62	26
63	27
64	39
65	28
66	29
67	41
68	9
69	30
70	31
71	32
72	42
73	34
74	33
75	34
76	34
77	40
78	37
79	38
80	36
81	37
82	38
83	38
84	39
85	40
86	43
87	43
88	43
89	43
90	43
91	43
92	43
93	43
94	43
95	43
96	43
97	43
98	43
99	43
