0	0
1	19
2	1
3	2
4	4
5	5
6	24
7	36
8	4
9	4
10	4
11	4
12	6
13	25
14	25
15	25
16	25
17	2
18	4
19	7
20	8
21	9
22	10
23	11
24	41
25	19
26	32
27	12
28	33
29	11
30	13
31	14
32	15
33	16
34	37
35	38
36	36
37	17
38	36
39	38
40	3
41	9
42	37
43	18
44	19
45	20
46	21
47	22
48	23
49	24
50	36
51	36
52	4
53	4
54	4
55	4
56	4
57	24
58	25
59	25
60	25
61	27
62	28
63	29
64	9
65	30
66	11
67	31
68	19
69	32
70	12
71	33
72	40
73	35
74	34
75	35
76	35
77	37
78	19
79	36
80	26
81	36
82	36
83	36
84	9
85	37
86	39
87	39
88	39
89	39
90	39
91	39
92	39
93	39
94	39
95	39
96	39
97	39
98	39
99	39
