0	0
1	28
2	3
3	4
4	1
5	2
6	19
7	12
8	1
9	1
10	1
11	1
12	20
13	21
14	21
15	21
16	21
17	4
18	1
19	5
20	33
21	25
22	34
23	27
24	6
25	28
26	29
27	7
28	30
29	27
30	36
31	8
32	9
33	10
34	35
35	13
36	12
37	11
38	12
39	13
40	14
41	25
42	35
43	15
44	28
45	16
46	15
47	17
48	18
49	19
50	12
51	12
52	1
53	1
54	1
55	1
56	1
57	19
58	21
59	21
60	21
61	22
62	23
63	24
64	25
65	26
66	27
67	37
68	28
69	29
70	7
71	30
72	32
73	31
74	25
75	31
76	31
77	35
78	28
79	12
80	21
81	12
82	12
83	12
84	25
85	35
86	38
87	38
88	38
89	38
90	38
91	38
92	38
93	38
94	38
95	38
96	38
97	38
98	38
99	38
