0	0
1	29
2	1
3	3
4	16
5	18
6	17
7	30
8	16
9	16
10	16
11	16
12	16
13	19
14	19
15	19
16	19
17	16
18	16
19	4
20	31
21	22
22	6
23	7
24	8
25	29
26	23
27	24
28	25
29	7
30	32
31	5
32	11
33	27
34	27
35	9
36	30
37	10
38	30
39	9
40	2
41	22
42	27
43	13
44	29
45	12
46	13
47	14
48	15
49	17
50	30
51	30
52	16
53	16
54	16
55	16
56	16
57	17
58	19
59	19
60	19
61	19
62	20
63	21
64	22
65	28
66	7
67	23
68	29
69	23
70	24
71	25
72	33
73	26
74	22
75	26
76	26
77	27
78	29
79	30
80	19
81	30
82	30
83	30
84	22
85	27
86	34
87	34
88	34
89	34
90	34
91	34
92	34
93	34
94	34
95	34
96	34
97	34
98	34
99	34
