0	10
1	25
2	0
3	2
4	14
5	1
6	8
7	8
8	14
9	14
10	14
11	14
12	14
13	16
14	16
15	16
16	16
17	14
18	14
19	3
20	23
21	4
22	24
23	19
24	27
25	25
26	5
27	20
28	20
29	19
30	26
31	4
32	6
33	23
34	23
35	7
36	8
37	9
38	25
39	7
40	8
41	4
42	23
43	12
44	25
45	11
46	12
47	21
48	13
49	8
50	8
51	8
52	14
53	14
54	14
55	14
56	14
57	8
58	16
59	16
60	16
61	16
62	17
63	18
64	4
65	15
66	19
67	5
68	25
69	5
70	20
71	20
72	21
73	22
74	4
75	22
76	22
77	23
78	25
79	8
80	16
81	25
82	8
83	8
84	4
85	23
86	28
87	28
88	28
89	28
90	28
91	28
92	28
93	28
94	28
95	28
96	28
97	28
98	28
99	28
