0	0
1	23
2	3
3	2
4	1
5	15
6	24
7	24
8	1
9	1
10	1
11	1
12	1
13	15
14	15
15	15
16	15
17	1
18	1
19	4
20	21
21	5
22	22
23	6
24	7
25	23
26	25
27	19
28	19
29	6
30	27
31	5
32	8
33	21
34	21
35	10
36	24
37	9
38	23
39	10
40	24
41	5
42	21
43	11
44	23
45	12
46	11
47	16
48	13
49	24
50	24
51	24
52	1
53	1
54	1
55	1
56	1
57	24
58	15
59	15
60	15
61	15
62	17
63	18
64	5
65	14
66	6
67	25
68	23
69	25
70	19
71	19
72	16
73	20
74	5
75	20
76	20
77	21
78	23
79	24
80	15
81	23
82	24
83	24
84	5
85	21
86	26
87	26
88	26
89	26
90	26
91	26
92	26
93	26
94	26
95	26
96	26
97	26
98	26
99	26
