0	2
1	17
2	2
3	2
4	0
5	8
6	14
7	14
8	0
9	0
10	0
11	0
12	0
13	8
14	8
15	8
16	8
17	0
18	0
19	10
20	13
21	15
22	14
23	3
24	16
25	17
26	11
27	11
28	15
29	3
30	17
31	15
32	5
33	13
34	13
35	4
36	14
37	14
38	14
39	4
40	14
41	15
42	13
43	11
44	14
45	9
46	11
47	6
48	6
49	14
50	14
51	14
52	0
53	0
54	0
55	0
56	0
57	14
58	8
59	8
60	8
61	8
62	1
63	7
64	15
65	14
66	3
67	17
68	17
69	11
70	11
71	15
72	12
73	12
74	15
75	12
76	12
77	13
78	17
79	14
80	8
81	14
82	14
83	14
84	15
85	13
86	17
87	17
88	17
89	17
90	17
91	17
92	17
93	17
94	17
95	17
96	17
97	17
98	17
99	17
