0	0
1	15
2	0
3	0
4	2
5	9
6	1
7	1
8	2
9	2
10	2
11	2
12	2
13	9
14	1
15	9
16	9
17	2
18	2
19	5
20	13
21	4
22	1
23	2
24	14
25	15
26	5
27	5
28	4
29	2
30	15
31	4
32	16
33	13
34	13
35	6
36	1
37	1
38	1
39	6
40	1
41	4
42	13
43	5
44	12
45	7
46	5
47	10
48	10
49	1
50	1
51	1
52	2
53	2
54	2
55	2
56	2
57	1
58	1
59	1
60	1
61	9
62	3
63	8
64	4
65	1
66	2
67	15
68	15
69	5
70	5
71	4
72	11
73	11
74	4
75	11
76	11
77	13
78	15
79	1
80	9
81	1
82	1
83	1
84	4
85	13
86	15
87	15
88	15
89	15
90	15
91	15
92	15
93	15
94	15
95	15
96	15
97	15
98	15
99	15
