0	5
1	10
2	0
3	0
4	0
5	6
6	6
7	6
8	0
9	0
10	0
11	0
12	0
13	6
14	6
15	6
16	6
17	0
18	0
19	5
20	6
21	9
22	6
23	0
24	3
25	10
26	10
27	5
28	9
29	0
30	10
31	9
32	8
33	9
34	6
35	4
36	6
37	6
38	6
39	4
40	6
41	9
42	9
43	5
44	10
45	5
46	5
47	2
48	2
49	6
50	6
51	6
52	0
53	0
54	0
55	0
56	0
57	6
58	6
59	6
60	6
61	2
62	1
63	1
64	9
65	6
66	0
67	10
68	10
69	10
70	5
71	9
72	10
73	7
74	9
75	10
76	10
77	9
78	10
79	6
80	6
81	6
82	6
83	6
84	9
85	9
86	10
87	10
88	10
89	10
90	10
91	10
92	10
93	10
94	10
95	10
96	10
97	10
98	10
99	10
