0	0
1	78
2	1
3	2
4	3
5	4
6	5
7	8
8	7
9	8
10	9
11	10
12	11
13	12
14	13
15	14
16	15
17	16
18	17
19	18
20	19
21	20
22	21
23	22
24	23
25	24
26	25
27	26
28	27
29	28
30	29
31	30
32	31
33	32
34	33
35	34
36	35
37	36
38	6
39	37
40	38
41	39
42	40
43	41
44	78
45	43
46	44
47	45
48	46
49	47
50	48
51	49
52	50
53	51
54	52
55	53
56	54
57	55
58	56
59	57
60	58
61	59
62	60
63	61
64	62
65	63
66	64
67	65
68	66
69	67
70	68
71	69
72	70
73	71
74	72
75	73
76	74
77	75
78	42
79	76
80	77
81	78
82	79
83	80
84	81
85	82
86	83
87	84
88	85
89	86
90	87
91	88
92	89
93	90
94	91
95	92
96	93
97	94
98	95
99	96
