0	0
1	77
2	2
3	3
4	4
5	5
6	6
7	7
8	8
9	7
10	9
11	10
12	11
13	12
14	13
15	14
16	15
17	16
18	17
19	18
20	19
21	20
22	21
23	22
24	23
25	24
26	25
27	26
28	27
29	28
30	29
31	30
32	31
33	32
34	33
35	34
36	35
37	36
38	1
39	37
40	38
41	39
42	40
43	41
44	77
45	42
46	43
47	44
48	45
49	46
50	47
51	48
52	49
53	50
54	51
55	52
56	53
57	54
58	55
59	56
60	57
61	58
62	59
63	60
64	61
65	62
66	63
67	64
68	65
69	66
70	67
71	68
72	69
73	70
74	71
75	72
76	73
77	74
78	34
79	75
80	76
81	77
82	77
83	78
84	79
85	80
86	81
87	82
88	83
89	84
90	85
91	86
92	87
93	88
94	89
95	90
96	91
97	92
98	93
99	94
