0	0
1	75
2	1
3	2
4	3
5	4
6	5
7	6
8	7
9	6
10	8
11	9
12	10
13	11
14	12
15	13
16	14
17	15
18	16
19	17
20	18
21	19
22	20
23	21
24	22
25	23
26	24
27	25
28	26
29	27
30	28
31	29
32	30
33	31
34	32
35	40
36	33
37	34
38	75
39	35
40	36
41	37
42	38
43	39
44	75
45	41
46	42
47	43
48	44
49	45
50	46
51	47
52	48
53	49
54	50
55	51
56	52
57	53
58	54
59	55
60	56
61	57
62	58
63	59
64	60
65	61
66	62
67	63
68	64
69	65
70	66
71	26
72	67
73	68
74	69
75	70
76	71
77	72
78	40
79	73
80	74
81	75
82	75
83	76
84	77
85	78
86	79
87	80
88	81
89	82
90	83
91	84
92	85
93	86
94	87
95	88
96	89
97	90
98	91
99	92
