0	0
1	74
2	1
3	2
4	3
5	4
6	5
7	7
8	6
9	7
10	8
11	9
12	10
13	11
14	12
15	13
16	14
17	15
18	16
19	17
20	18
21	19
22	20
23	21
24	22
25	23
26	24
27	25
28	26
29	27
30	28
31	29
32	30
33	31
34	32
35	33
36	34
37	35
38	74
39	36
40	37
41	38
42	39
43	40
44	74
45	41
46	42
47	43
48	44
49	45
50	46
51	7
52	47
53	48
54	49
55	50
56	51
57	52
58	53
59	54
60	55
61	56
62	57
63	58
64	59
65	60
66	61
67	62
68	63
69	64
70	65
71	26
72	66
73	67
74	68
75	69
76	70
77	71
78	33
79	72
80	73
81	74
82	74
83	75
84	76
85	77
86	78
87	79
88	80
89	81
90	82
91	83
92	84
93	85
94	86
95	87
96	88
97	89
98	90
99	91
