0	0
1	74
2	1
3	2
4	3
5	4
6	5
7	6
8	7
9	6
10	8
11	9
12	10
13	11
14	12
15	13
16	14
17	15
18	16
19	17
20	18
21	19
22	20
23	21
24	22
25	23
26	24
27	25
28	64
29	27
30	28
31	29
32	30
33	31
34	32
35	71
36	33
37	34
38	74
39	35
40	36
41	26
42	37
43	38
44	74
45	39
46	40
47	41
48	42
49	43
50	44
51	6
52	45
53	46
54	47
55	48
56	49
57	50
58	51
59	52
60	53
61	54
62	55
63	56
64	57
65	58
66	59
67	60
68	61
69	62
70	63
71	64
72	65
73	66
74	67
75	68
76	69
77	70
78	71
79	72
80	73
81	74
82	74
83	75
84	76
85	77
86	78
87	79
88	80
89	81
90	82
91	83
92	84
93	85
94	86
95	87
96	88
97	89
98	90
99	91
