0	0
1	39
2	1
3	2
4	3
5	4
6	5
7	6
8	7
9	6
10	8
11	9
12	10
13	11
14	12
15	13
16	14
17	15
18	16
19	17
20	18
21	19
22	20
23	21
24	22
25	23
26	24
27	25
28	65
29	26
30	27
31	28
32	29
33	30
34	31
35	71
36	32
37	33
38	39
39	34
40	35
41	36
42	37
43	38
44	39
45	40
46	41
47	42
48	43
49	44
50	45
51	6
52	46
53	47
54	48
55	49
56	50
57	51
58	52
59	53
60	54
61	55
62	56
63	57
64	58
65	59
66	60
67	61
68	62
69	63
70	64
71	65
72	26
73	66
74	67
75	68
76	69
77	70
78	71
79	72
80	73
81	39
82	39
83	74
84	75
85	76
86	77
87	78
88	79
89	80
90	81
91	82
92	83
93	84
94	85
95	86
96	87
97	88
98	89
99	90
