0	0
1	70
2	2
3	3
4	4
5	5
6	6
7	7
8	8
9	7
10	10
11	11
12	12
13	13
14	14
15	15
16	16
17	17
18	18
19	19
20	20
21	21
22	22
23	23
24	24
25	25
26	26
27	27
28	28
29	29
30	30
31	31
32	64
33	32
34	33
35	67
36	1
37	34
38	70
39	35
40	36
41	28
42	37
43	38
44	70
45	39
46	40
47	41
48	42
49	43
50	44
51	7
52	45
53	7
54	9
55	46
56	47
57	48
58	49
59	50
60	51
61	52
62	53
63	54
64	55
65	56
66	57
67	58
68	59
69	60
70	61
71	28
72	29
73	62
74	63
75	64
76	65
77	66
78	67
79	68
80	69
81	70
82	70
83	71
84	72
85	73
86	74
87	75
88	76
89	77
90	78
91	79
92	80
93	81
94	82
95	83
96	84
97	85
98	86
99	87
