0	0
1	68
2	1
3	2
4	3
5	4
6	5
7	6
8	7
9	6
10	9
11	10
12	11
13	12
14	13
15	14
16	15
17	16
18	17
19	18
20	19
21	34
22	20
23	21
24	22
25	23
26	24
27	25
28	60
29	61
30	26
31	27
32	64
33	28
34	29
35	37
36	30
37	31
38	68
39	32
40	33
41	60
42	35
43	36
44	68
45	38
46	39
47	40
48	41
49	42
50	43
51	6
52	44
53	6
54	8
55	45
56	46
57	47
58	48
59	49
60	50
61	51
62	52
63	53
64	70
65	54
66	55
67	56
68	57
69	58
70	59
71	60
72	61
73	62
74	63
75	64
76	65
77	66
78	37
79	68
80	67
81	68
82	68
83	69
84	70
85	71
86	72
87	73
88	74
89	75
90	76
91	77
92	78
93	79
94	80
95	81
96	82
97	83
98	84
99	85
