0	0
1	37
2	2
3	3
4	4
5	5
6	6
7	8
8	7
9	8
10	9
11	10
12	11
13	12
14	13
15	14
16	15
17	16
18	17
19	18
20	19
21	34
22	20
23	21
24	22
25	23
26	24
27	25
28	60
29	26
30	27
31	28
32	29
33	30
34	65
35	37
36	31
37	32
38	37
39	1
40	33
41	60
42	35
43	36
44	37
45	38
46	39
47	61
48	40
49	41
50	42
51	8
52	43
53	8
54	44
55	45
56	46
57	47
58	48
59	49
60	50
61	51
62	52
63	53
64	68
65	54
66	55
67	56
68	57
69	58
70	59
71	60
72	26
73	62
74	63
75	29
76	64
77	65
78	37
79	37
80	66
81	37
82	37
83	67
84	68
85	69
86	70
87	71
88	72
89	73
90	74
91	75
92	76
93	77
94	78
95	79
96	80
97	81
98	82
99	83
