0	0
1	65
2	2
3	3
4	4
5	5
6	6
7	7
8	8
9	7
10	9
11	10
12	11
13	12
14	13
15	14
16	15
17	16
18	17
19	18
20	19
21	26
22	20
23	21
24	22
25	23
26	24
27	25
28	26
29	27
30	28
31	29
32	61
33	30
34	63
35	65
36	31
37	32
38	65
39	1
40	33
41	26
42	34
43	35
44	65
45	36
46	37
47	58
48	38
49	39
50	40
51	7
52	41
53	7
54	42
55	43
56	44
57	45
58	46
59	47
60	48
61	49
62	50
63	51
64	67
65	52
66	53
67	54
68	55
69	56
70	57
71	26
72	27
73	59
74	60
75	61
76	62
77	63
78	65
79	65
80	64
81	65
82	65
83	66
84	67
85	68
86	69
87	70
88	71
89	72
90	73
91	74
92	75
93	76
94	77
95	78
96	79
97	80
98	81
99	82
