0	0
1	36
2	1
3	2
4	3
5	4
6	5
7	41
8	6
9	41
10	8
11	9
12	10
13	11
14	12
15	13
16	14
17	15
18	16
19	17
20	18
21	58
22	19
23	20
24	21
25	22
26	23
27	24
28	58
29	25
30	26
31	27
32	28
33	29
34	62
35	36
36	30
37	31
38	36
39	32
40	33
41	58
42	34
43	35
44	36
45	37
46	38
47	7
48	39
49	40
50	64
51	41
52	42
53	41
54	43
55	44
56	45
57	46
58	47
59	48
60	49
61	50
62	51
63	52
64	66
65	53
66	54
67	55
68	56
69	57
70	24
71	58
72	25
73	59
74	60
75	28
76	61
77	62
78	36
79	36
80	63
81	36
82	36
83	65
84	66
85	67
86	68
87	69
88	70
89	71
90	72
91	32
92	73
93	74
94	75
95	76
96	77
97	78
98	79
99	80
