0	0
1	34
2	2
3	3
4	4
5	5
6	6
7	8
8	7
9	8
10	9
11	10
12	11
13	12
14	13
15	14
16	15
17	16
18	17
19	18
20	19
21	57
22	20
23	21
24	22
25	23
26	24
27	56
28	57
29	25
30	26
31	27
32	28
33	29
34	30
35	34
36	64
37	31
38	34
39	1
40	32
41	57
42	33
43	58
44	34
45	35
46	36
47	37
48	38
49	39
50	63
51	8
52	40
53	8
54	41
55	42
56	43
57	44
58	45
59	46
60	47
61	48
62	49
63	50
64	57
65	51
66	52
67	53
68	54
69	55
70	56
71	57
72	25
73	59
74	60
75	28
76	61
77	30
78	34
79	34
80	62
81	34
82	34
83	65
84	57
85	66
86	67
87	68
88	69
89	70
90	71
91	1
92	72
93	73
94	78
95	74
96	75
97	76
98	77
99	78
