0	0
1	61
2	2
3	3
4	4
5	5
6	6
7	42
8	8
9	42
10	9
11	10
12	11
13	12
14	13
15	14
16	15
17	16
18	17
19	18
20	19
21	63
22	20
23	21
24	22
25	23
26	24
27	25
28	63
29	56
30	26
31	27
32	28
33	29
34	30
35	61
36	31
37	32
38	61
39	33
40	7
41	63
42	34
43	35
44	61
45	37
46	38
47	56
48	39
49	40
50	36
51	61
52	42
53	42
54	41
55	43
56	44
57	45
58	46
59	15
60	47
61	48
62	49
63	50
64	63
65	51
66	52
67	53
68	54
69	55
70	25
71	63
72	56
73	57
74	58
75	28
76	59
77	30
78	61
79	61
80	60
81	61
82	61
83	62
84	63
85	34
86	64
87	65
88	1
89	66
90	67
91	33
92	68
93	69
94	70
95	71
96	72
97	73
98	74
99	70
