0	0
1	56
2	2
3	3
4	4
5	5
6	6
7	8
8	7
9	8
10	9
11	10
12	11
13	12
14	13
15	14
16	15
17	16
18	17
19	18
20	19
21	26
22	20
23	21
24	22
25	23
26	24
27	25
28	26
29	27
30	28
31	29
32	30
33	31
34	32
35	56
36	56
37	33
38	56
39	58
40	34
41	26
42	61
43	35
44	56
45	36
46	37
47	27
48	38
49	39
50	40
51	56
52	8
53	8
54	41
55	42
56	43
57	44
58	45
59	15
60	46
61	47
62	48
63	49
64	26
65	50
66	51
67	52
68	52
69	53
70	25
71	26
72	27
73	54
74	60
75	30
76	55
77	32
78	56
79	56
80	57
81	56
82	56
83	59
84	26
85	61
86	62
87	63
88	1
89	65
90	64
91	58
92	66
93	67
94	68
95	69
96	70
97	71
98	71
99	68
