0	0
1	30
2	1
3	2
4	3
5	4
6	5
7	6
8	34
9	6
10	7
11	8
12	9
13	10
14	11
15	12
16	57
17	13
18	14
19	15
20	16
21	59
22	17
23	18
24	19
25	20
26	21
27	49
28	59
29	50
30	22
31	23
32	52
33	53
34	54
35	30
36	30
37	24
38	30
39	26
40	27
41	59
42	28
43	29
44	30
45	31
46	32
47	50
48	55
49	33
50	25
51	30
52	6
53	6
54	35
55	36
56	37
57	38
58	39
59	57
60	40
61	41
62	42
63	43
64	59
65	45
66	46
67	47
68	47
69	48
70	49
71	59
72	50
73	51
74	44
75	52
76	53
77	54
78	30
79	30
80	56
81	30
82	30
83	58
84	59
85	28
86	60
87	61
88	62
89	63
90	64
91	26
92	65
93	66
94	52
95	67
96	68
97	69
98	69
99	52
