0	0
1	32
2	1
3	2
4	3
5	4
6	5
7	8
8	7
9	8
10	9
11	10
12	11
13	12
14	13
15	14
16	15
17	16
18	17
19	18
20	19
21	57
22	20
23	21
24	22
25	23
26	24
27	25
28	57
29	49
30	26
31	27
32	69
33	52
34	28
35	32
36	32
37	29
38	32
39	30
40	6
41	57
42	58
43	31
44	32
45	33
46	34
47	49
48	53
49	35
50	55
51	32
52	8
53	8
54	36
55	37
56	38
57	39
58	40
59	15
60	41
61	42
62	43
63	44
64	57
65	45
66	46
67	47
68	47
69	48
70	25
71	57
72	49
73	50
74	51
75	69
76	52
77	28
78	32
79	32
80	54
81	32
82	32
83	56
84	57
85	58
86	59
87	60
88	61
89	62
90	63
91	30
92	64
93	65
94	69
95	66
96	67
97	68
98	68
99	69
