0	0
1	54
2	1
3	2
4	3
5	4
6	5
7	54
8	33
9	6
10	7
11	8
12	9
13	10
14	11
15	12
16	38
17	13
18	14
19	15
20	16
21	43
22	17
23	18
24	19
25	20
26	21
27	22
28	43
29	23
30	24
31	25
32	64
33	51
34	52
35	54
36	54
37	26
38	54
39	59
40	54
41	43
42	28
43	47
44	54
45	29
46	30
47	23
48	31
49	32
50	54
51	54
52	6
53	6
54	34
55	50
56	35
57	36
58	37
59	38
60	39
61	40
62	41
63	42
64	43
65	44
66	45
67	46
68	46
69	22
70	22
71	43
72	23
73	48
74	49
75	64
76	51
77	52
78	54
79	54
80	53
81	54
82	54
83	55
84	43
85	28
86	56
87	57
88	59
89	59
90	58
91	59
92	60
93	61
94	64
95	62
96	27
97	63
98	63
99	64
