0	0
1	51
2	2
3	3
4	4
5	5
6	6
7	51
8	7
9	8
10	8
11	9
12	10
13	11
14	12
15	13
16	38
17	14
18	23
19	15
20	16
21	42
22	17
23	18
24	19
25	20
26	21
27	22
28	42
29	47
30	24
31	25
32	60
33	49
34	26
35	51
36	51
37	27
38	51
39	28
40	51
41	42
42	53
43	47
44	51
45	29
46	30
47	47
48	31
49	32
50	51
51	51
52	8
53	8
54	33
55	34
56	35
57	36
58	37
59	38
60	39
61	45
62	40
63	41
64	42
65	43
66	44
67	46
68	46
69	22
70	22
71	42
72	47
73	48
74	25
75	60
76	49
77	26
78	51
79	51
80	50
81	51
82	51
83	52
84	42
85	53
86	54
87	58
88	28
89	28
90	55
91	28
92	57
93	60
94	60
95	1
96	56
97	59
98	59
99	60
