0	0
1	48
2	2
3	3
4	4
5	7
6	5
7	48
8	29
9	6
10	6
11	8
12	9
13	10
14	11
15	12
16	35
17	13
18	14
19	15
20	16
21	17
22	21
23	18
24	19
25	20
26	43
27	43
28	17
29	44
30	22
31	49
32	53
33	23
34	49
35	48
36	48
37	24
38	48
39	1
40	48
41	17
42	25
43	44
44	48
45	26
46	27
47	44
48	46
49	28
50	48
51	48
52	6
53	6
54	30
55	31
56	32
57	33
58	34
59	35
60	36
61	37
62	38
63	39
64	17
65	40
66	41
67	42
68	42
69	43
70	43
71	17
72	44
73	45
74	49
75	53
76	23
77	49
78	48
79	48
80	47
81	48
82	48
83	48
84	17
85	25
86	50
87	53
88	1
89	1
90	51
91	1
92	52
93	53
94	53
95	54
96	56
97	55
98	55
99	53
