0	0
1	24
2	1
3	2
4	3
5	5
6	4
7	24
8	29
9	28
10	28
11	6
12	7
13	8
14	9
15	10
16	11
17	12
18	12
19	13
20	14
21	46
22	15
23	16
24	17
25	18
26	19
27	19
28	46
29	42
30	20
31	44
32	51
33	21
34	44
35	24
36	24
37	22
38	24
39	23
40	24
41	46
42	47
43	42
44	24
45	40
46	25
47	42
48	26
49	27
50	24
51	24
52	28
53	28
54	29
55	30
56	31
57	32
58	33
59	11
60	34
61	35
62	36
63	37
64	46
65	38
66	39
67	41
68	41
69	19
70	19
71	46
72	42
73	43
74	44
75	51
76	21
77	44
78	24
79	24
80	45
81	24
82	24
83	24
84	46
85	47
86	48
87	51
88	23
89	23
90	49
91	23
92	50
93	51
94	51
95	52
96	23
97	53
98	53
99	51
