0	0
1	45
2	1
3	2
4	3
5	4
6	5
7	45
8	23
9	30
10	30
11	6
12	7
13	8
14	9
15	10
16	11
17	12
18	12
19	13
20	14
21	25
22	19
23	15
24	16
25	17
26	18
27	18
28	25
29	43
30	20
31	38
32	50
33	21
34	38
35	45
36	45
37	22
38	45
39	45
40	45
41	25
42	26
43	43
44	45
45	41
46	27
47	43
48	28
49	29
50	45
51	45
52	30
53	30
54	30
55	31
56	32
57	33
58	34
59	11
60	35
61	31
62	36
63	37
64	25
65	39
66	40
67	42
68	42
69	18
70	18
71	25
72	43
73	44
74	38
75	50
76	21
77	38
78	45
79	45
80	46
81	45
82	45
83	45
84	25
85	26
86	47
87	50
88	24
89	24
90	48
91	24
92	49
93	50
94	50
95	51
96	24
97	52
98	52
99	50
