0	0
1	26
2	2
3	3
4	23
5	5
6	4
7	26
8	25
9	31
10	31
11	6
12	7
13	8
14	9
15	10
16	11
17	12
18	17
19	13
20	14
21	42
22	18
23	21
24	15
25	16
26	17
27	17
28	42
29	19
30	20
31	39
32	49
33	22
34	39
35	26
36	26
37	24
38	26
39	26
40	26
41	42
42	45
43	19
44	26
45	27
46	28
47	19
48	29
49	30
50	26
51	26
52	31
53	31
54	31
55	36
56	32
57	33
58	34
59	11
60	35
61	36
62	37
63	38
64	42
65	40
66	41
67	41
68	41
69	17
70	17
71	42
72	19
73	43
74	39
75	49
76	22
77	39
78	26
79	26
80	44
81	26
82	26
83	26
84	42
85	45
86	49
87	49
88	47
89	47
90	46
91	47
92	48
93	49
94	49
95	1
96	47
97	50
98	50
99	49
