0	0
1	23
2	1
3	2
4	3
5	4
6	5
7	23
8	22
9	6
10	6
11	7
12	8
13	9
14	10
15	11
16	12
17	13
18	37
19	14
20	15
21	34
22	16
23	20
24	17
25	24
26	37
27	37
28	34
29	18
30	19
31	41
32	47
33	40
34	41
35	23
36	23
37	21
38	23
39	23
40	23
41	34
42	44
43	18
44	23
45	25
46	26
47	18
48	42
49	27
50	23
51	23
52	6
53	6
54	6
55	39
56	28
57	29
58	30
59	12
60	31
61	39
62	32
63	33
64	34
65	35
66	36
67	36
68	36
69	37
70	37
71	34
72	18
73	38
74	41
75	47
76	40
77	41
78	23
79	23
80	43
81	23
82	23
83	23
84	34
85	44
86	47
87	47
88	23
89	23
90	45
91	23
92	46
93	47
94	47
95	48
96	49
97	49
98	49
99	47
