0	20
1	5
2	1
3	2
4	3
5	6
6	4
7	5
8	24
9	25
10	25
11	7
12	10
13	30
14	8
15	9
16	30
17	26
18	14
19	19
20	40
21	37
22	11
23	17
24	12
25	13
26	14
27	14
28	37
29	15
30	16
31	34
32	44
33	34
34	34
35	5
36	5
37	21
38	5
39	5
40	5
41	37
42	44
43	15
44	5
45	22
46	31
47	15
48	38
49	23
50	5
51	5
52	25
53	25
54	25
55	26
56	27
57	28
58	29
59	30
60	18
61	26
62	32
63	33
64	37
65	35
66	36
67	36
68	36
69	14
70	14
71	37
72	15
73	42
74	34
75	44
76	34
77	34
78	5
79	5
80	39
81	5
82	5
83	5
84	37
85	37
86	44
87	44
88	5
89	5
90	41
91	5
92	43
93	44
94	44
95	0
96	5
97	45
98	45
99	44
