0	15
1	38
2	19
3	1
4	2
5	3
6	4
7	38
8	25
9	5
10	5
11	6
12	7
13	9
14	8
15	8
16	9
17	26
18	13
19	10
20	11
21	14
22	12
23	35
24	33
25	20
26	13
27	13
28	14
29	15
30	16
31	39
32	43
33	39
34	39
35	38
36	38
37	18
38	38
39	38
40	38
41	14
42	43
43	15
44	38
45	21
46	22
47	15
48	23
49	24
50	38
51	38
52	5
53	5
54	5
55	26
56	27
57	28
58	29
59	9
60	17
61	26
62	30
63	31
64	14
65	32
66	34
67	34
68	34
69	13
70	13
71	14
72	15
73	41
74	39
75	43
76	39
77	39
78	38
79	38
80	36
81	38
82	38
83	38
84	14
85	14
86	43
87	43
88	38
89	38
90	40
91	38
92	42
93	43
94	43
95	37
96	38
97	0
98	0
99	43
