0	30
1	0
2	11
3	1
4	2
5	2
6	3
7	0
8	22
9	4
10	4
11	5
12	8
13	7
14	6
15	6
16	7
17	31
18	13
19	9
20	34
21	10
22	11
23	16
24	12
25	12
26	13
27	13
28	10
29	30
30	15
31	17
32	38
33	17
34	17
35	0
36	0
37	18
38	0
39	0
40	0
41	10
42	38
43	30
44	0
45	19
46	26
47	30
48	20
49	21
50	0
51	0
52	4
53	4
54	4
55	31
56	23
57	24
58	21
59	7
60	25
61	31
62	14
63	27
64	10
65	28
66	29
67	29
68	29
69	13
70	13
71	10
72	30
73	36
74	17
75	38
76	17
77	17
78	0
79	0
80	33
81	0
82	0
83	0
84	10
85	10
86	38
87	38
88	0
89	0
90	35
91	0
92	37
93	38
94	38
95	32
96	0
97	39
98	39
99	38
