0	27
1	16
2	9
3	0
4	1
5	1
6	2
7	16
8	18
9	18
10	18
11	3
12	8
13	5
14	4
15	4
16	5
17	8
18	8
19	6
20	30
21	13
22	9
23	28
24	26
25	7
26	8
27	8
28	13
29	27
30	10
31	11
32	34
33	11
34	11
35	16
36	16
37	12
38	16
39	16
40	16
41	13
42	34
43	27
44	16
45	14
46	15
47	27
48	17
49	20
50	16
51	16
52	18
53	18
54	18
55	8
56	22
57	19
58	20
59	16
60	21
61	26
62	23
63	24
64	13
65	25
66	26
67	26
68	26
69	8
70	8
71	13
72	27
73	32
74	11
75	34
76	11
77	11
78	16
79	16
80	29
81	16
82	16
83	16
84	13
85	13
86	34
87	34
88	16
89	16
90	31
91	16
92	33
93	34
94	34
95	32
96	16
97	35
98	35
99	34
