0	20
1	0
2	6
3	1
4	9
5	9
6	5
7	0
8	2
9	2
10	2
11	3
12	6
13	15
14	4
15	4
16	15
17	6
18	6
19	8
20	24
21	23
22	28
23	28
24	18
25	19
26	6
27	6
28	23
29	20
30	26
31	21
32	28
33	21
34	21
35	0
36	0
37	11
38	0
39	0
40	0
41	23
42	28
43	20
44	0
45	10
46	12
47	20
48	13
49	14
50	0
51	0
52	2
53	2
54	2
55	6
56	16
57	14
58	14
59	0
60	15
61	18
62	6
63	17
64	23
65	7
66	18
67	18
68	18
69	6
70	6
71	23
72	20
73	26
74	21
75	28
76	21
77	21
78	0
79	0
80	22
81	0
82	0
83	0
84	23
85	23
86	28
87	28
88	0
89	0
90	25
91	0
92	27
93	28
94	28
95	0
96	0
97	0
98	0
99	28
