0	17
1	20
2	7
3	5
4	0
5	0
6	3
7	20
8	20
9	1
10	1
11	2
12	7
13	4
14	3
15	3
16	4
17	7
18	7
19	7
20	9
21	8
22	23
23	23
24	15
25	6
26	7
27	7
28	7
29	17
30	18
31	8
32	23
33	1
34	8
35	20
36	20
37	4
38	20
39	20
40	20
41	8
42	23
43	17
44	20
45	15
46	10
47	17
48	17
49	11
50	20
51	20
52	1
53	1
54	1
55	7
56	12
57	11
58	11
59	20
60	13
61	15
62	7
63	14
64	8
65	16
66	15
67	15
68	15
69	7
70	7
71	8
72	17
73	18
74	8
75	23
76	1
77	20
78	20
79	20
80	19
81	20
82	20
83	20
84	8
85	8
86	23
87	23
88	20
89	20
90	21
91	20
92	22
93	23
94	23
95	20
96	20
97	20
98	20
99	23
