0	8
1	0
2	15
3	1
4	2
5	2
6	4
7	0
8	0
9	10
10	10
11	3
12	15
13	11
14	4
15	4
16	11
17	15
18	15
19	6
20	17
21	14
22	21
23	21
24	5
25	5
26	15
27	15
28	14
29	8
30	16
31	14
32	21
33	10
34	14
35	0
36	0
37	11
38	0
39	0
40	0
41	14
42	21
43	8
44	0
45	15
46	12
47	8
48	8
49	9
50	0
51	0
52	10
53	10
54	10
55	15
56	12
57	9
58	9
59	0
60	11
61	15
62	15
63	13
64	14
65	7
66	19
67	15
68	5
69	15
70	15
71	14
72	8
73	16
74	14
75	21
76	10
77	0
78	0
79	0
80	0
81	0
82	0
83	0
84	14
85	14
86	21
87	21
88	0
89	0
90	18
91	0
92	20
93	21
94	21
95	0
96	0
97	0
98	0
99	21
