0	13
1	15
2	18
3	9
4	0
5	0
6	2
7	15
8	15
9	7
10	7
11	1
12	4
13	3
14	2
15	2
16	3
17	4
18	18
19	18
20	8
21	6
22	18
23	18
24	12
25	12
26	18
27	18
28	6
29	13
30	16
31	6
32	18
33	7
34	6
35	15
36	15
37	3
38	15
39	15
40	15
41	6
42	18
43	13
44	15
45	18
46	4
47	13
48	13
49	10
50	15
51	15
52	7
53	7
54	7
55	18
56	4
57	10
58	10
59	15
60	3
61	4
62	18
63	11
64	6
65	5
66	12
67	12
68	12
69	18
70	18
71	6
72	13
73	16
74	6
75	18
76	7
77	15
78	15
79	15
80	15
81	15
82	15
83	15
84	6
85	6
86	18
87	18
88	15
89	15
90	14
91	15
92	17
93	18
94	18
95	15
96	15
97	15
98	15
99	18
