0	4
1	0
2	19
3	16
4	1
5	1
6	3
7	0
8	0
9	13
10	13
11	2
12	19
13	11
14	3
15	3
16	0
17	19
18	19
19	19
20	8
21	13
22	19
23	19
24	14
25	18
26	19
27	19
28	19
29	4
30	5
31	13
32	19
33	13
34	8
35	0
36	0
37	11
38	0
39	0
40	0
41	13
42	19
43	4
44	0
45	19
46	14
47	4
48	4
49	9
50	0
51	0
52	13
53	13
54	10
55	19
56	10
57	9
58	9
59	0
60	17
61	14
62	19
63	12
64	13
65	15
66	14
67	14
68	14
69	19
70	19
71	13
72	4
73	5
74	13
75	19
76	13
77	0
78	0
79	0
80	0
81	0
82	0
83	0
84	13
85	8
86	19
87	19
88	0
89	0
90	6
91	0
92	7
93	19
94	19
95	0
96	0
97	0
98	0
99	19
