0	13
1	7
2	4
3	12
4	6
5	6
6	1
7	7
8	7
9	3
10	3
11	0
12	4
13	6
14	1
15	1
16	7
17	4
18	4
19	4
20	14
21	3
22	4
23	4
24	10
25	11
26	4
27	4
28	4
29	13
30	15
31	3
32	4
33	3
34	14
35	7
36	7
37	2
38	7
39	7
40	7
41	3
42	4
43	13
44	7
45	4
46	10
47	13
48	13
49	8
50	7
51	7
52	3
53	3
54	9
55	4
56	9
57	8
58	8
59	7
60	7
61	10
62	4
63	14
64	3
65	8
66	10
67	10
68	10
69	4
70	4
71	3
72	13
73	15
74	3
75	4
76	3
77	7
78	7
79	7
80	7
81	7
82	7
83	7
84	3
85	14
86	4
87	4
88	7
89	7
90	15
91	7
92	5
93	4
94	4
95	7
96	7
97	7
98	7
99	4
