0	5
1	13
2	11
3	4
4	1
5	1
6	2
7	13
8	13
9	3
10	3
11	8
12	11
13	1
14	2
15	2
16	13
17	11
18	11
19	11
20	12
21	3
22	11
23	11
24	10
25	10
26	11
27	11
28	11
29	5
30	6
31	3
32	11
33	3
34	12
35	13
36	13
37	13
38	13
39	13
40	13
41	3
42	11
43	5
44	13
45	11
46	5
47	5
48	5
49	7
50	13
51	13
52	3
53	3
54	9
55	11
56	9
57	7
58	7
59	13
60	13
61	11
62	11
63	12
64	3
65	7
66	10
67	11
68	10
69	11
70	11
71	3
72	5
73	6
74	3
75	11
76	3
77	13
78	13
79	13
80	13
81	13
82	13
83	13
84	3
85	12
86	11
87	11
88	13
89	13
90	6
91	13
92	0
93	11
94	11
95	13
96	13
97	13
98	13
99	11
