0	3
1	10
2	3
3	3
4	9
5	9
6	2
7	10
8	10
9	11
10	11
11	1
12	3
13	0
14	2
15	2
16	10
17	3
18	3
19	3
20	4
21	11
22	3
23	3
24	7
25	7
26	3
27	3
28	3
29	9
30	12
31	11
32	3
33	11
34	4
35	10
36	10
37	10
38	10
39	10
40	10
41	11
42	3
43	3
44	10
45	3
46	3
47	9
48	9
49	6
50	10
51	10
52	11
53	11
54	11
55	3
56	5
57	6
58	6
59	10
60	10
61	3
62	3
63	4
64	11
65	6
66	7
67	3
68	7
69	3
70	3
71	11
72	9
73	12
74	11
75	3
76	11
77	10
78	10
79	10
80	10
81	10
82	10
83	10
84	11
85	4
86	3
87	3
88	10
89	10
90	12
91	10
92	8
93	3
94	3
95	10
96	10
97	10
98	10
99	3
