0	7
1	10
2	7
3	7
4	8
5	8
6	1
7	10
8	10
9	5
10	5
11	0
12	7
13	1
14	1
15	1
16	10
17	7
18	7
19	7
20	2
21	5
22	7
23	7
24	6
25	6
26	7
27	7
28	7
29	8
30	9
31	5
32	7
33	5
34	2
35	10
36	10
37	10
38	10
39	10
40	10
41	5
42	7
43	7
44	10
45	7
46	7
47	8
48	8
49	1
50	10
51	10
52	5
53	5
54	5
55	7
56	4
57	1
58	1
59	10
60	10
61	7
62	7
63	2
64	5
65	3
66	7
67	7
68	7
69	7
70	7
71	5
72	8
73	9
74	5
75	7
76	5
77	10
78	10
79	10
80	10
81	10
82	10
83	10
84	5
85	2
86	7
87	7
88	10
89	10
90	9
91	10
92	6
93	7
94	7
95	10
96	10
97	10
98	10
99	7
