0	0
1	1
2	2
3	3
4	4
5	5
6	6
7	7
8	8
9	9
10	10
11	11
12	12
13	13
14	14
15	15
16	16
17	17
18	18
19	19
20	20
21	21
22	22
23	63
24	23
25	24
26	25
27	26
28	27
29	28
30	29
31	30
32	31
33	32
34	33
35	34
36	35
37	36
38	78
39	37
40	38
41	39
42	40
43	41
44	42
45	43
46	44
47	45
48	46
49	47
50	48
51	49
52	50
53	51
54	52
55	53
56	54
57	55
58	56
59	57
60	57
61	58
62	59
63	60
64	61
65	62
66	63
67	64
68	65
69	66
70	67
71	68
72	69
73	70
74	71
75	72
76	73
77	74
78	75
79	76
80	77
81	78
82	79
83	80
84	81
85	82
86	83
87	91
88	84
89	85
90	86
91	87
92	88
93	83
94	91
95	91
96	89
97	90
98	83
99	91
