0	0
1	1
2	2
3	3
4	4
5	5
6	6
7	7
8	8
9	7
10	9
11	10
12	11
13	12
14	13
15	14
16	15
17	16
18	17
19	18
20	19
21	20
22	21
23	22
24	23
25	24
26	25
27	26
28	27
29	28
30	29
31	30
32	31
33	32
34	33
35	34
36	35
37	36
38	77
39	37
40	38
41	39
42	40
43	41
44	42
45	43
46	44
47	45
48	46
49	47
50	48
51	49
52	50
53	51
54	52
55	53
56	54
57	55
58	56
59	57
60	57
61	58
62	59
63	60
64	61
65	62
66	22
67	63
68	64
69	65
70	66
71	67
72	68
73	69
74	70
75	71
76	72
77	73
78	74
79	75
80	76
81	77
82	78
83	79
84	80
85	81
86	82
87	88
88	83
89	84
90	85
91	86
92	87
93	82
94	88
95	88
96	89
97	90
98	82
99	88
