0	0
1	1
2	2
3	3
4	4
5	5
6	6
7	7
8	8
9	7
10	9
11	10
12	11
13	12
14	13
15	14
16	15
17	16
18	16
19	17
20	18
21	19
22	20
23	21
24	22
25	23
26	24
27	25
28	26
29	27
30	28
31	29
32	30
33	31
34	32
35	33
36	34
37	35
38	36
39	37
40	38
41	39
42	40
43	41
44	42
45	43
46	44
47	45
48	46
49	47
50	48
51	49
52	50
53	51
54	52
55	53
56	54
57	55
58	56
59	57
60	57
61	58
62	59
63	60
64	61
65	62
66	21
67	63
68	64
69	65
70	66
71	67
72	68
73	69
74	70
75	71
76	72
77	73
78	74
79	75
80	76
81	36
82	77
83	78
84	79
85	80
86	85
87	85
88	86
89	82
90	83
91	84
92	81
93	85
94	85
95	85
96	87
97	88
98	85
99	85
