0	0
1	1
2	2
3	3
4	14
5	4
6	5
7	6
8	6
9	6
10	14
11	7
12	8
13	9
14	10
15	11
16	12
17	13
18	14
19	15
20	16
21	17
22	18
23	19
24	20
25	21
26	22
27	23
28	24
29	25
30	26
31	27
32	28
33	29
34	30
35	31
36	32
37	33
38	34
39	35
40	36
41	37
42	38
43	39
44	34
45	40
46	41
47	42
48	43
49	44
50	67
51	45
52	46
53	6
54	47
55	46
56	14
57	48
58	49
59	49
60	49
61	50
62	51
63	52
64	53
65	54
66	19
67	55
68	56
69	57
70	58
71	59
72	63
73	60
74	61
75	62
76	62
77	64
78	65
79	69
80	66
81	34
82	68
83	69
84	70
85	64
86	71
87	71
88	74
89	72
90	73
91	76
92	71
93	71
94	71
95	71
96	71
97	75
98	71
99	71
