0	0
1	1
2	2
3	3
4	13
5	4
6	5
7	6
8	6
9	6
10	13
11	7
12	8
13	9
14	46
15	10
16	11
17	12
18	13
19	14
20	15
21	16
22	17
23	53
24	19
25	20
26	21
27	22
28	23
29	18
30	24
31	25
32	26
33	27
34	63
35	28
36	29
37	30
38	66
39	31
40	32
41	33
42	34
43	35
44	66
45	37
46	38
47	39
48	40
49	41
50	42
51	43
52	45
53	6
54	44
55	45
56	13
57	41
58	47
59	47
60	47
61	48
62	49
63	50
64	51
65	52
66	53
67	54
68	55
69	56
70	57
71	58
72	59
73	60
74	61
75	62
76	62
77	69
78	36
79	64
80	65
81	66
82	67
83	64
84	68
85	69
86	74
87	74
88	72
89	70
90	71
91	74
92	74
93	74
94	74
95	74
96	74
97	73
98	74
99	74
