0	0
1	1
2	2
3	3
4	8
5	4
6	5
7	7
8	8
9	8
10	8
11	8
12	9
13	10
14	11
15	12
16	13
17	14
18	8
19	15
20	16
21	33
22	17
23	52
24	18
25	19
26	20
27	21
28	22
29	23
30	24
31	25
32	26
33	27
34	28
35	29
36	6
37	30
38	63
39	31
40	32
41	33
42	34
43	35
44	63
45	36
46	37
47	38
48	39
49	44
50	40
51	41
52	42
53	7
54	43
55	42
56	8
57	44
58	45
59	45
60	45
61	47
62	48
63	49
64	50
65	51
66	52
67	53
68	54
69	55
70	56
71	57
72	58
73	59
74	60
75	61
76	61
77	62
78	70
79	64
80	46
81	63
82	6
83	64
84	65
85	62
86	68
87	68
88	68
89	66
90	67
91	68
92	68
93	68
94	68
95	68
96	68
97	69
98	68
99	68
