0	0
1	1
2	2
3	3
4	7
5	4
6	5
7	40
8	7
9	7
10	7
11	7
12	8
13	42
14	9
15	10
16	43
17	11
18	7
19	13
20	14
21	15
22	16
23	49
24	17
25	18
26	19
27	20
28	21
29	22
30	23
31	24
32	25
33	26
34	59
35	27
36	28
37	29
38	61
39	30
40	6
41	15
42	31
43	32
44	61
45	33
46	34
47	35
48	36
49	37
50	38
51	39
52	12
53	40
54	41
55	12
56	7
57	37
58	42
59	42
60	42
61	44
62	45
63	46
64	47
65	48
66	49
67	50
68	51
69	52
70	53
71	54
72	55
73	56
74	57
75	58
76	58
77	63
78	61
79	62
80	60
81	61
82	28
83	62
84	47
85	63
86	66
87	66
88	66
89	64
90	65
91	66
92	66
93	66
94	66
95	66
96	66
97	67
98	66
99	66
