0	0
1	1
2	2
3	3
4	9
5	5
6	6
7	26
8	9
9	9
10	9
11	9
12	10
13	39
14	39
15	11
16	12
17	4
18	9
19	13
20	14
21	29
22	15
23	45
24	16
25	17
26	18
27	19
28	20
29	45
30	21
31	22
32	23
33	24
34	53
35	25
36	26
37	27
38	56
39	28
40	7
41	29
42	30
43	31
44	56
45	32
46	33
47	34
48	35
49	38
50	54
51	36
52	8
53	8
54	37
55	8
56	9
57	38
58	39
59	39
60	39
61	40
62	41
63	42
64	43
65	44
66	45
67	59
68	46
69	47
70	48
71	49
72	52
73	51
74	50
75	51
76	51
77	53
78	56
79	54
80	55
81	56
82	26
83	54
84	43
85	53
86	61
87	61
88	61
89	57
90	58
91	61
92	61
93	61
94	61
95	61
96	61
97	60
98	61
99	61
