0	0
1	1
2	2
3	3
4	4
5	5
6	6
7	7
8	4
9	4
10	4
11	4
12	8
13	41
14	41
15	9
16	10
17	11
18	4
19	12
20	13
21	14
22	15
23	16
24	17
25	18
26	19
27	20
28	21
29	16
30	22
31	23
32	24
33	25
34	57
35	26
36	7
37	27
38	28
39	29
40	30
41	14
42	31
43	32
44	28
45	33
46	34
47	35
48	36
49	37
50	53
51	38
52	39
53	39
54	40
55	39
56	4
57	37
58	41
59	41
60	41
61	42
62	43
63	44
64	56
65	45
66	16
67	46
68	55
69	47
70	48
71	49
72	52
73	51
74	50
75	51
76	51
77	57
78	28
79	53
80	54
81	28
82	7
83	53
84	56
85	57
86	61
87	61
88	61
89	59
90	60
91	61
92	61
93	61
94	61
95	61
96	61
97	58
98	61
99	61
