0	0
1	1
2	2
3	3
4	7
5	4
6	5
7	6
8	7
9	7
10	7
11	7
12	8
13	39
14	39
15	9
16	10
17	11
18	7
19	12
20	13
21	29
22	14
23	15
24	16
25	17
26	18
27	19
28	20
29	15
30	21
31	22
32	23
33	52
34	56
35	24
36	6
37	25
38	26
39	27
40	28
41	29
42	30
43	31
44	26
45	32
46	33
47	34
48	35
49	36
50	55
51	53
52	37
53	37
54	38
55	37
56	7
57	36
58	39
59	39
60	39
61	40
62	41
63	42
64	43
65	44
66	15
67	45
68	57
69	46
70	47
71	48
72	51
73	50
74	49
75	50
76	50
77	56
78	26
79	55
80	54
81	26
82	6
83	55
84	43
85	56
86	59
87	59
88	59
89	58
90	61
91	59
92	59
93	59
94	59
95	59
96	59
97	60
98	59
99	59
