0	0
1	49
2	1
3	2
4	5
5	8
6	3
7	24
8	5
9	5
10	5
11	5
12	6
13	35
14	35
15	7
16	8
17	9
18	5
19	10
20	11
21	39
22	12
23	13
24	14
25	15
26	16
27	17
28	18
29	13
30	19
31	20
32	21
33	22
34	50
35	23
36	24
37	25
38	49
39	26
40	4
41	39
42	27
43	28
44	49
45	29
46	30
47	31
48	32
49	33
50	24
51	24
52	5
53	5
54	34
55	5
56	5
57	33
58	35
59	35
60	35
61	36
62	37
63	38
64	39
65	40
66	13
67	41
68	15
69	42
70	43
71	44
72	47
73	46
74	45
75	46
76	46
77	50
78	49
79	24
80	48
81	49
82	24
83	24
84	39
85	50
86	53
87	53
88	53
89	51
90	53
91	53
92	53
93	53
94	53
95	53
96	53
97	52
98	53
99	53
