0	0
1	44
2	1
3	26
4	4
5	2
6	3
7	42
8	4
9	4
10	4
11	4
12	5
13	28
14	28
15	28
16	2
17	26
18	4
19	7
20	8
21	31
22	9
23	33
24	10
25	11
26	49
27	36
28	12
29	33
30	13
31	14
32	15
33	41
34	45
35	47
36	42
37	16
38	44
39	17
40	18
41	31
42	19
43	20
44	44
45	21
46	22
47	23
48	24
49	27
50	42
51	42
52	4
53	4
54	25
55	4
56	4
57	27
58	28
59	28
60	28
61	6
62	29
63	30
64	31
65	32
66	33
67	34
68	11
69	35
70	36
71	37
72	40
73	38
74	39
75	38
76	38
77	45
78	44
79	42
80	43
81	44
82	42
83	42
84	31
85	45
86	46
87	46
88	46
89	48
90	46
91	46
92	46
93	46
94	46
95	46
96	46
97	46
98	46
99	46
