0	0
1	40
2	1
3	2
4	5
5	3
6	26
7	16
8	5
9	5
10	5
11	5
12	6
13	27
14	27
15	27
16	27
17	2
18	5
19	7
20	8
21	42
22	9
23	32
24	10
25	11
26	44
27	35
28	36
29	32
30	12
31	13
32	14
33	15
34	43
35	18
36	16
37	17
38	40
39	18
40	4
41	42
42	19
43	20
44	40
45	21
46	22
47	23
48	24
49	26
50	16
51	16
52	5
53	5
54	25
55	5
56	5
57	26
58	27
59	27
60	27
61	28
62	29
63	30
64	42
65	31
66	32
67	33
68	11
69	34
70	35
71	36
72	39
73	37
74	38
75	37
76	37
77	43
78	40
79	16
80	41
81	40
82	16
83	16
84	42
85	43
86	45
87	45
88	45
89	45
90	45
91	45
92	45
93	45
94	45
95	45
96	45
97	45
98	45
99	45
