0	0
1	38
2	1
3	2
4	6
5	3
6	25
7	39
8	6
9	6
10	6
11	6
12	4
13	26
14	26
15	26
16	26
17	2
18	6
19	7
20	37
21	8
22	9
23	31
24	10
25	33
26	44
27	11
28	12
29	31
30	13
31	14
32	15
33	16
34	41
35	43
36	39
37	17
38	38
39	43
40	18
41	8
42	41
43	19
44	38
45	20
46	21
47	22
48	23
49	25
50	39
51	39
52	6
53	6
54	24
55	6
56	6
57	25
58	26
59	26
60	26
61	5
62	28
63	29
64	8
65	30
66	31
67	32
68	33
69	34
70	11
71	12
72	36
73	35
74	40
75	35
76	35
77	41
78	38
79	39
80	27
81	38
82	39
83	39
84	8
85	41
86	42
87	42
88	42
89	42
90	42
91	42
92	42
93	42
94	42
95	42
96	42
97	42
98	42
99	42
