0	0
1	25
2	1
3	2
4	4
5	3
6	19
7	30
8	4
9	4
10	4
11	4
12	4
13	20
14	20
15	20
16	20
17	2
18	4
19	5
20	6
21	14
22	29
23	7
24	8
25	25
26	9
27	10
28	11
29	7
30	35
31	14
32	12
33	33
34	33
35	13
36	30
37	32
38	30
39	13
40	31
41	14
42	33
43	15
44	25
45	16
46	15
47	17
48	18
49	19
50	30
51	30
52	4
53	4
54	4
55	4
56	4
57	19
58	20
59	20
60	20
61	21
62	22
63	23
64	14
65	24
66	7
67	34
68	25
69	9
70	10
71	11
72	28
73	27
74	26
75	27
76	27
77	33
78	25
79	30
80	20
81	30
82	30
83	30
84	14
85	33
86	36
87	36
88	36
89	36
90	36
91	36
92	36
93	36
94	36
95	36
96	36
97	36
98	36
99	36
