0	0
1	9
2	1
3	5
4	3
5	4
6	20
7	29
8	3
9	3
10	3
11	3
12	3
13	23
14	23
15	23
16	23
17	3
18	3
19	6
20	22
21	15
22	7
23	26
24	8
25	9
26	10
27	11
28	12
29	26
30	32
31	15
32	13
33	30
34	30
35	14
36	29
37	2
38	29
39	14
40	20
41	15
42	30
43	17
44	29
45	16
46	17
47	18
48	19
49	20
50	29
51	29
52	3
53	3
54	3
55	3
56	3
57	20
58	23
59	23
60	23
61	23
62	24
63	25
64	15
65	21
66	26
67	10
68	9
69	10
70	11
71	12
72	28
73	27
74	15
75	27
76	27
77	30
78	9
79	29
80	23
81	29
82	29
83	29
84	15
85	30
86	31
87	31
88	31
89	31
90	31
91	31
92	31
93	31
94	31
95	31
96	31
97	31
98	31
99	31
