0	0
1	26
2	1
3	2
4	17
5	3
6	11
7	11
8	17
9	17
10	17
11	17
12	17
13	18
14	18
15	18
16	18
17	17
18	17
19	5
20	25
21	21
22	6
23	7
24	8
25	26
26	22
27	23
28	23
29	7
30	28
31	21
32	9
33	25
34	25
35	10
36	11
37	12
38	26
39	10
40	11
41	21
42	25
43	14
44	26
45	13
46	14
47	4
48	15
49	11
50	11
51	11
52	17
53	17
54	17
55	17
56	17
57	11
58	18
59	18
60	18
61	18
62	19
63	20
64	21
65	16
66	7
67	22
68	26
69	22
70	23
71	23
72	4
73	24
74	21
75	24
76	24
77	25
78	26
79	11
80	18
81	26
82	11
83	11
84	21
85	25
86	27
87	27
88	27
89	27
90	27
91	27
92	27
93	27
94	27
95	27
96	27
97	27
98	27
99	27
