0	13
1	11
2	0
3	3
4	2
5	17
6	1
7	1
8	2
9	2
10	2
11	2
12	2
13	17
14	17
15	17
16	17
17	2
18	2
19	4
20	23
21	5
22	16
23	6
24	7
25	11
26	8
27	19
28	19
29	6
30	24
31	5
32	10
33	23
34	23
35	9
36	1
37	22
38	11
39	9
40	1
41	5
42	23
43	13
44	11
45	12
46	13
47	20
48	14
49	1
50	1
51	1
52	2
53	2
54	2
55	2
56	2
57	1
58	17
59	17
60	17
61	17
62	18
63	15
64	5
65	1
66	6
67	8
68	11
69	8
70	19
71	19
72	20
73	21
74	5
75	21
76	21
77	23
78	11
79	1
80	17
81	11
82	1
83	1
84	5
85	23
86	24
87	24
88	24
89	24
90	24
91	24
92	24
93	24
94	24
95	24
96	24
97	24
98	24
99	24
