0	10
1	21
2	0
3	0
4	2
5	15
6	13
7	20
8	2
9	2
10	2
11	2
12	2
13	15
14	15
15	15
16	15
17	2
18	2
19	3
20	19
21	8
22	13
23	17
24	4
25	21
26	5
27	6
28	6
29	17
30	18
31	8
32	22
33	19
34	19
35	7
36	20
37	1
38	20
39	7
40	13
41	8
42	19
43	10
44	20
45	9
46	10
47	11
48	12
49	13
50	20
51	20
52	2
53	2
54	2
55	2
56	2
57	13
58	15
59	15
60	15
61	15
62	16
63	14
64	8
65	13
66	17
67	5
68	21
69	5
70	6
71	6
72	11
73	18
74	8
75	18
76	18
77	19
78	21
79	20
80	15
81	20
82	20
83	20
84	8
85	19
86	21
87	21
88	21
89	21
90	21
91	21
92	21
93	21
94	21
95	21
96	21
97	21
98	21
99	21
