0	0
1	19
2	0
3	0
4	1
5	12
6	16
7	16
8	1
9	1
10	1
11	1
12	1
13	12
14	12
15	12
16	12
17	1
18	1
19	5
20	18
21	17
22	11
23	13
24	4
25	19
26	6
27	6
28	17
29	13
30	19
31	17
32	20
33	18
34	18
35	7
36	16
37	16
38	16
39	7
40	16
41	17
42	18
43	9
44	8
45	9
46	9
47	15
48	10
49	16
50	16
51	16
52	1
53	1
54	1
55	1
56	1
57	16
58	12
59	12
60	12
61	12
62	3
63	2
64	17
65	16
66	13
67	6
68	19
69	6
70	6
71	17
72	15
73	14
74	17
75	14
76	14
77	18
78	19
79	16
80	12
81	16
82	16
83	16
84	17
85	18
86	19
87	19
88	19
89	19
90	19
91	19
92	19
93	19
94	19
95	19
96	19
97	19
98	19
99	19
