0	7
1	18
2	1
3	1
4	0
5	12
6	9
7	9
8	0
9	0
10	0
11	0
12	0
13	12
14	12
15	12
16	12
17	0
18	0
19	2
20	16
21	5
22	11
23	14
24	19
25	18
26	3
27	3
28	5
29	14
30	18
31	5
32	17
33	16
34	16
35	4
36	9
37	9
38	9
39	4
40	9
41	5
42	16
43	7
44	6
45	7
46	7
47	8
48	8
49	9
50	9
51	9
52	0
53	0
54	0
55	0
56	0
57	9
58	12
59	12
60	12
61	12
62	13
63	10
64	5
65	9
66	14
67	3
68	18
69	3
70	3
71	5
72	15
73	15
74	5
75	15
76	15
77	16
78	18
79	9
80	12
81	9
82	9
83	9
84	5
85	16
86	18
87	18
88	18
89	18
90	18
91	18
92	18
93	18
94	18
95	18
96	18
97	18
98	18
99	18
