0	0
1	18
2	0
3	0
4	1
5	11
6	9
7	9
8	1
9	1
10	1
11	1
12	1
13	11
14	11
15	11
16	11
17	1
18	1
19	4
20	14
21	16
22	9
23	5
24	17
25	18
26	12
27	12
28	16
29	5
30	18
31	16
32	6
33	14
34	14
35	7
36	9
37	9
38	9
39	7
40	9
41	16
42	14
43	12
44	15
45	8
46	8
47	2
48	2
49	9
50	9
51	9
52	1
53	1
54	1
55	1
56	1
57	9
58	11
59	11
60	11
61	11
62	3
63	10
64	16
65	9
66	5
67	12
68	18
69	12
70	12
71	16
72	13
73	13
74	16
75	13
76	13
77	14
78	18
79	9
80	11
81	9
82	9
83	9
84	16
85	14
86	18
87	18
88	18
89	18
90	18
91	18
92	18
93	18
94	18
95	18
96	18
97	18
98	18
99	18
