0	5
1	13
2	5
3	5
4	2
5	7
6	11
7	11
8	2
9	2
10	2
11	2
12	2
13	7
14	7
15	7
16	7
17	2
18	2
19	8
20	7
21	10
22	11
23	2
24	3
25	13
26	8
27	8
28	10
29	2
30	13
31	10
32	12
33	10
34	10
35	4
36	11
37	11
38	11
39	4
40	11
41	10
42	10
43	8
44	11
45	5
46	8
47	1
48	1
49	11
50	11
51	11
52	2
53	2
54	2
55	2
56	2
57	11
58	7
59	7
60	7
61	7
62	0
63	6
64	10
65	11
66	2
67	13
68	13
69	8
70	8
71	8
72	9
73	9
74	10
75	9
76	9
77	10
78	13
79	11
80	7
81	11
82	11
83	11
84	10
85	10
86	13
87	13
88	13
89	13
90	13
91	13
92	13
93	13
94	13
95	13
96	13
97	13
98	13
99	13
