0	4
1	14
2	5
3	4
4	5
5	6
6	11
7	11
8	5
9	5
10	5
11	5
12	5
13	6
14	11
15	6
16	6
17	5
18	5
19	2
20	10
21	12
22	11
23	1
24	1
25	14
26	2
27	2
28	12
29	1
30	14
31	12
32	13
33	10
34	10
35	3
36	11
37	11
38	11
39	3
40	11
41	12
42	10
43	2
44	11
45	4
46	2
47	9
48	7
49	11
50	11
51	11
52	5
53	5
54	5
55	5
56	5
57	11
58	11
59	11
60	11
61	6
62	0
63	10
64	12
65	11
66	1
67	14
68	14
69	2
70	2
71	12
72	9
73	8
74	12
75	14
76	14
77	10
78	14
79	11
80	6
81	11
82	11
83	11
84	12
85	10
86	14
87	14
88	14
89	14
90	14
91	14
92	14
93	14
94	14
95	14
96	14
97	14
98	14
99	14
