0	4
1	14
2	0
3	0
4	0
5	8
6	13
7	13
8	0
9	0
10	0
11	0
12	0
13	8
14	13
15	8
16	8
17	0
18	0
19	4
20	12
21	3
22	13
23	0
24	2
25	14
26	4
27	4
28	3
29	0
30	14
31	3
32	5
33	12
34	12
35	6
36	13
37	13
38	13
39	6
40	13
41	3
42	12
43	4
44	13
45	7
46	4
47	11
48	9
49	13
50	13
51	13
52	0
53	0
54	0
55	0
56	0
57	13
58	13
59	13
60	13
61	8
62	1
63	12
64	3
65	13
66	0
67	14
68	14
69	4
70	4
71	3
72	11
73	10
74	3
75	14
76	14
77	12
78	14
79	13
80	8
81	13
82	13
83	13
84	3
85	12
86	14
87	14
88	14
89	14
90	14
91	14
92	14
93	14
94	14
95	14
96	14
97	14
98	14
99	14
