0	2
1	11
2	0
3	0
4	0
5	6
6	6
7	6
8	0
9	0
10	0
11	0
12	0
13	6
14	6
15	6
16	6
17	0
18	0
19	2
20	8
21	7
22	6
23	0
24	10
25	11
26	2
27	2
28	7
29	0
30	11
31	7
32	9
33	8
34	8
35	3
36	6
37	6
38	6
39	3
40	6
41	7
42	8
43	2
44	11
45	2
46	2
47	4
48	4
49	6
50	6
51	6
52	0
53	0
54	0
55	0
56	0
57	6
58	6
59	6
60	6
61	4
62	1
63	8
64	7
65	6
66	0
67	11
68	11
69	2
70	2
71	7
72	4
73	5
74	7
75	11
76	11
77	8
78	11
79	6
80	6
81	6
82	6
83	6
84	7
85	8
86	11
87	11
88	11
89	11
90	11
91	11
92	11
93	11
94	11
95	11
96	11
97	11
98	11
99	11
