0	4
1	10
2	1
3	1
4	1
5	6
6	6
7	6
8	1
9	1
10	1
11	1
12	1
13	6
14	6
15	6
16	6
17	1
18	1
19	4
20	6
21	2
22	6
23	1
24	3
25	10
26	4
27	4
28	2
29	1
30	10
31	2
32	5
33	2
34	6
35	0
36	6
37	6
38	6
39	0
40	6
41	2
42	2
43	4
44	10
45	4
46	4
47	8
48	8
49	6
50	6
51	6
52	1
53	1
54	1
55	1
56	1
57	6
58	6
59	6
60	6
61	8
62	7
63	7
64	2
65	6
66	1
67	10
68	10
69	4
70	4
71	4
72	10
73	9
74	2
75	10
76	10
77	2
78	10
79	6
80	6
81	6
82	6
83	6
84	2
85	2
86	10
87	10
88	10
89	10
90	10
91	10
92	10
93	10
94	10
95	10
96	10
97	10
98	10
99	10
